Security Wise Delivery Position - Compulsory Rolling Settlement
10,MTO,08022024,2833420358,0002309
Trade Date <08-FEB-2024>,Settlement Type <N>
Record Type,Sr No,Name of Security,Quantity Traded,Deliverable Quantity(gross across client level),% of Deliverable Quantity to Traded Quantity
20,1,1018GS2026,GS,136,124,91.18
20,2,182D010824,TB,500,500,100.00
20,3,182D020524,TB,100,100,100.00
20,4,182D040724,TB,500,500,100.00
20,5,182D060624,TB,800,800,100.00
20,6,182D090524,TB,100,100,100.00
20,7,182D110724,TB,1100,1100,100.00
20,8,182D130624,TB,200,200,100.00
20,9,182D140324,TB,1000,1000,100.00
20,10,182D200624,TB,100,100,100.00
20,11,182D290224,TB,10000,10000,100.00
20,12,20MICRONS,EQ,118843,60832,51.19
20,13,360ONE,EQ,791047,591150,74.73
20,14,364D101024,TB,100,100,100.00
20,15,364D110424,TB,400,200,50.00
20,16,364D121224,TB,100,100,100.00
20,17,364D160524,TB,2000,2000,100.00
20,18,364D211124,TB,200,200,100.00
20,19,364D230125,TB,300,300,100.00
20,20,364D230524,TB,100,100,100.00
20,21,364D300125,TB,100,100,100.00
20,22,3IINFOLTD,EQ,4885307,2320010,47.49
20,23,3MINDIA,EQ,6665,1848,27.73
20,24,563GS2026,GS,4703,4703,100.00
20,25,574GS2026,GS,219,219,100.00
20,26,5PAISA,EQ,47819,25262,52.83
20,27,610GS2031,GS,5084,5060,99.53
20,28,618GS2024,GS,97,97,100.00
20,29,654GS2032,GS,9985,9985,100.00
20,30,667GS2035,GS,2001,2000,99.95
20,31,667GS2050,GS,1160,1160,100.00
20,32,669GS2024,GS,1543,1301,84.32
20,33,676GS2061,GS,8,6,75.00
20,34,689GS2025,GS,7,7,100.00
20,35,68GS2060,GS,358,358,100.00
20,36,695GS2061,GS,2035,2035,100.00
20,37,699GS2026,GS,100,100,100.00
20,38,699GS2051,GS,3,3,100.00
20,39,706GS2028,GS,711,711,100.00
20,40,710GS2029,GS,40049,40000,99.88
20,41,717GS2030,GS,1656,1656,100.00
20,42,718GS2033,GS,600,600,100.00
20,43,718GS2037,GS,23395,23395,100.00
20,44,725GS2063,GS,22374,22074,98.66
20,45,726GS2032,GS,103359,101359,98.06
20,46,726GS2033,GS,15098,14937,98.93
20,47,732GS2030,GS,6122,6122,100.00
20,48,733GS2026,GS,1104,1104,100.00
20,49,734TN43,SG,200,200,100.00
20,50,736GS2052,GS,13000,13000,100.00
20,51,737GS2028,GS,1424,1224,85.96
20,52,738GS2027,GS,201670,195419,96.90
20,53,73GS2053,GS,18650,18512,99.26
20,54,741GS2036,GS,18101,18099,99.99
20,55,746GS2073,GS,700,700,100.00
20,56,74GS2062,GS,2,1,50.00
20,57,754GS2036,GS,135486,134548,99.31
20,58,768GJ30,SG,100,100,100.00
20,59,771KL43,SG,100,100,100.00
20,60,772KA35,SG,100,100,100.00
20,61,772UP34,SG,100,100,100.00
20,62,774AP32A,SG,1000,1000,100.00
20,63,794TN32,SG,15000,15000,100.00
20,64,824GS2027,GS,1105,1105,100.00
20,65,826GS2027,GS,5511,5511,100.00
20,66,82GS2025,GS,9,5,55.56
20,67,91D020524,TB,1500,1500,100.00
20,68,91D040424,TB,300,300,100.00
20,69,91D070324,TB,900,900,100.00
20,70,91D110424,TB,1900,1900,100.00
20,71,91D140324,TB,4800,4800,100.00
20,72,91D150224,TB,800,800,100.00
20,73,91D180424,TB,400,400,100.00
20,74,91D210324,TB,300,300,100.00
20,75,91D220224,TB,100,100,100.00
20,76,91D250424,TB,800,800,100.00
20,77,91D280324,TB,800,800,100.00
20,78,91D290224,TB,21800,21800,100.00
20,79,92GS2030,GS,5011,5011,100.00
20,80,AARON,EQ,17532,6055,34.54
20,81,AARTECH,EQ,39295,20722,52.73
20,82,AARTIDRUGS,EQ,147522,73975,50.15
20,83,AARTIIND,EQ,1599801,550332,34.40
20,84,AARTIPHARM,EQ,474203,212060,44.72
20,85,AARTISURF,EQ,49598,12786,25.78
20,86,AARTISURF,P1,86,16,18.60
20,87,AARVEEDEN,EQ,211968,133852,63.15
20,88,AARVI,EQ,80215,44703,55.73
20,89,AATMAJ,SM,72000,60000,83.33
20,90,AAVAS,EQ,293751,205240,69.87
20,91,ABB,EQ,132187,52752,39.91
20,92,ABBOTINDIA,EQ,16917,7407,43.78
20,93,ABCAPITAL,EQ,9230315,3001850,32.52
20,94,ABCOTS,SM,12000,12000,100.00
20,95,ABFL,N4,25,25,100.00
20,96,ABFRL,EQ,6448635,1920542,29.78
20,97,ABINFRA,SM,12000,12000,100.00
20,98,ABMINTLLTD,EQ,8219,2928,35.62
20,99,ABSLAMC,EQ,94350,59075,62.61
20,100,ABSLBANETF,EQ,96985,87668,90.39
20,101,ABSLLIQUID,EQ,15205,10583,69.60
20,102,ABSLNN50ET,EQ,27629,18885,68.35
20,103,ACC,EQ,190668,60506,31.73
20,104,ACCELYA,EQ,109157,41117,37.67
20,105,ACCENTMIC,SM,19000,16000,84.21
20,106,ACE,EQ,721003,202681,28.11
20,107,ACEINTEG,EQ,20575,12713,61.79
20,108,ACI,EQ,362306,197142,54.41
20,109,ACL,EQ,28235,22344,79.14
20,110,ACLGATI,EQ,342436,207384,60.56
20,111,ACSAL,SM,15000,9000,60.00
20,112,ADANIENSOL,EQ,2293556,1176595,51.30
20,113,ADANIENT,EQ,1679004,584227,34.80
20,114,ADANIGREEN,EQ,1698528,577278,33.99
20,115,ADANIPORTS,EQ,3354609,1305221,38.91
20,116,ADFFOODS,EQ,152919,76988,50.35
20,117,ADORWELD,EQ,8813,4545,51.57
20,118,ADSL,EQ,218405,118176,54.11
20,119,ADVANIHOTR,EQ,170708,86838,50.87
20,120,ADVENZYMES,EQ,129316,67954,52.55
20,121,AEGISCHEM,EQ,351062,132327,37.69
20,122,AEROFLEX,EQ,300821,170953,56.83
20,123,AETHER,EQ,337829,294376,87.14
20,124,AFFLE,EQ,177730,101441,57.08
20,125,AGARIND,EQ,26631,11359,42.65
20,126,AGARWALFT,SM,3000,3000,100.00
20,127,AGI,EQ,187770,97853,52.11
20,128,AGNI,ST,275000,255000,92.73
20,129,AGRITECH,EQ,7540,4099,54.36
20,130,AGROPHOS,EQ,304845,135132,44.33
20,131,AGUL,SM,8000,8000,100.00
20,132,AHL,EQ,82423,15202,18.44
20,133,AHLADA,EQ,107276,67269,62.71
20,134,AHLEAST,EQ,85340,49050,57.48
20,135,AHLUCONT,EQ,37557,16024,42.67
20,136,AIAENG,EQ,262892,158303,60.22
20,137,AILIMITED,SM,42000,42000,100.00
20,138,AIROLAM,EQ,14838,10046,67.70
20,139,AIRTELPP,E1,299012,265488,88.79
20,140,AISL,SM,1200,1200,100.00
20,141,AJANTPHARM,EQ,212438,168285,79.22
20,142,AJMERA,EQ,194388,79801,41.05
20,143,AKANKSHA,SM,262000,182000,69.47
20,144,AKG,EQ,268214,142997,53.31
20,145,AKSHARCHEM,EQ,11361,6727,59.21
20,146,AKZOINDIA,EQ,21074,10390,49.30
20,147,ALBERTDAVD,EQ,13660,8755,64.09
20,148,ALEMBICLTD,EQ,3131604,1117531,35.69
20,149,ALICON,EQ,9253,4752,51.36
20,150,ALKALI,EQ,29780,21505,72.21
20,151,ALKEM,EQ,611368,340053,55.62
20,152,ALKYLAMINE,EQ,44963,20879,46.44
20,153,ALLCARGO,EQ,1353198,636264,47.02
20,154,ALLETEC,SM,84000,54400,64.76
20,155,ALLSEC,EQ,33209,24764,74.57
20,156,ALPA,EQ,360942,175895,48.73
20,157,ALPHAETF,EQ,61732,43323,70.18
20,158,ALPHAGEO,EQ,75596,49358,65.29
20,159,ALPL30IETF,EQ,89423,87158,97.47
20,160,ALPSINDUS,EQ,203345,179845,88.44
20,161,AMBER,EQ,80218,30140,37.57
20,162,AMBICAAGAR,EQ,704091,295049,41.90
20,163,AMBIKCO,EQ,49431,21244,42.98
20,164,AMBUJACEM,EQ,2089376,882107,42.22
20,165,AMEYA,SM,14000,12000,85.71
20,166,AMIORG,EQ,82462,45979,55.76
20,167,AMJLAND,EQ,139050,63345,45.56
20,168,AMNPLST,EQ,38876,20457,52.62
20,169,AMRUTANJAN,EQ,23577,11463,48.62
20,170,ANANDRATHI,EQ,51783,32273,62.32
20,171,ANANTRAJ,EQ,7955639,3675750,46.20
20,172,ANDHRAPAP,EQ,174921,105079,60.07
20,173,ANDHRSUGAR,EQ,454225,240960,53.05
20,174,ANGELONE,EQ,366387,222963,60.85
20,175,ANLON,SM,6000,4800,80.00
20,176,ANMOL,EQ,851041,396893,46.64
20,177,ANNAPURNA,SM,315000,203500,64.60
20,178,ANUP,EQ,22675,11800,52.04
20,179,ANURAS,EQ,50785,32521,64.04
20,180,APARINDS,EQ,79023,35235,44.59
20,181,APCL,EQ,40264,20509,50.94
20,182,APCOTEXIND,EQ,22253,12190,54.78
20,183,APEX,EQ,214418,67194,31.34
20,184,APLAPOLLO,EQ,1079647,801905,74.27
20,185,APLLTD,EQ,132603,55227,41.65
20,186,APOLLOHOSP,EQ,794455,418204,52.64
20,187,APOLLOPIPE,EQ,46970,24852,52.91
20,188,APOLLOTYRE,EQ,2207877,554728,25.12
20,189,APOLSINHOT,EQ,5320,3969,74.61
20,190,APS,SM,14000,14000,100.00
20,191,APTECHT,EQ,745567,338060,45.34
20,192,APTUS,EQ,2549526,2331996,91.47
20,193,ARABIAN,SM,16000,16000,100.00
20,194,ARCHIDPLY,EQ,82470,48539,58.86
20,195,ARCHIES,EQ,157484,101100,64.20
20,196,ARE&M,EQ,325559,163659,50.27
20,197,ARENTERP,EQ,6324,3093,48.91
20,198,ARHAM,SM,14000,10000,71.43
20,199,ARIES,EQ,117607,48219,41.00
20,200,ARIHANTACA,SM,5600,4800,85.71
20,201,ARIHANTCAP,EQ,1089415,491188,45.09
20,202,ARIHANTSUP,EQ,46835,25797,55.08
20,203,ARISTO,SM,64000,51200,80.00
20,204,ARMANFIN,EQ,21321,11548,54.16
20,205,AROGRANITE,EQ,30687,22302,72.68
20,206,ARROWGREEN,EQ,46516,20377,43.81
20,207,ARTEMISMED,EQ,107003,54887,51.29
20,208,ARVIND,EQ,333140,197482,59.28
20,209,ARVINDFASN,EQ,190304,95960,50.42
20,210,ARVSMART,EQ,128118,47973,37.44
20,211,ASAHIINDIA,EQ,215032,98401,45.76
20,212,ASAHISONG,EQ,7892,5121,64.89
20,213,ASAL,EQ,1566758,287887,18.37
20,214,ASALCBR,EQ,70825,28603,40.39
20,215,ASHIANA,EQ,231004,91669,39.68
20,216,ASHIMASYN,EQ,2602734,1272029,48.87
20,217,ASHOKA,EQ,4943329,1996479,40.39
20,218,ASHOKLEY,EQ,15164312,6906546,45.54
20,219,ASIANENE,EQ,45201,28613,63.30
20,220,ASIANPAINT,EQ,1633654,840878,51.47
20,221,ASIANTILES,EQ,695924,366238,52.63
20,222,ASKAUTOLTD,EQ,1077683,516294,47.91
20,223,ASLIND,ST,4000,4000,100.00
20,224,ASMS,EQ,195926,132495,67.63
20,225,ASPINWALL,EQ,43784,24333,55.58
20,226,ASTEC,EQ,75670,50401,66.61
20,227,ASTERDM,EQ,342636,182626,53.30
20,228,ASTRAL,EQ,479678,317948,66.28
20,229,ASTRAMICRO,EQ,599072,282179,47.10
20,230,ASTRAZEN,EQ,18692,8053,43.08
20,231,ATALREAL,EQ,4841742,1653596,34.15
20,232,ATAM,EQ,141322,78944,55.86
20,233,ATFL,EQ,4872,3254,66.79
20,234,ATGL,EQ,3714348,1896531,51.06
20,235,ATL,EQ,925379,477868,51.64
20,236,ATUL,EQ,43044,26060,60.54
20,237,ATULAUTO,EQ,121385,65084,53.62
20,238,AUBANK,EQ,3862384,2068760,53.56
20,239,AURDIS,SM,4000,3500,87.50
20,240,AUROIMPEX,SM,54400,33600,61.76
20,241,AUROPHARMA,EQ,3235131,1380602,42.68
20,242,AURUMPP,E1,20615,18986,92.10
20,243,AUSOMENT,EQ,75534,42968,56.89
20,244,AUTOAXLES,EQ,15202,8372,55.07
20,245,AUTOBEES,EQ,139957,112659,80.50
20,246,AUTOIETF,EQ,50076,20530,41.00
20,247,AUTOIND,EQ,155336,73759,47.48
20,248,AVADHSUGAR,EQ,78412,28750,36.67
20,249,AVALON,EQ,2161682,1780649,82.37
20,250,AVANTIFEED,EQ,671066,214795,32.01
20,251,AVG,EQ,94296,64265,68.15
20,252,AVONMORE,EQ,39752,21426,53.90
20,253,AVROIND,EQ,45179,30526,67.57
20,254,AVSL,ST,1000,1000,100.00
20,255,AVTNPL,EQ,192593,97593,50.67
20,256,AWHCL,EQ,155661,73879,47.46
20,257,AWL,EQ,1287732,701126,54.45
20,258,AXISBANK,EQ,9869141,5452343,55.25
20,259,AXISBNKETF,EQ,7721,4902,63.49
20,260,AXISBPSETF,EQ,48222,31562,65.45
20,261,AXISCADES,EQ,50754,26115,51.45
20,262,AXISCETF,EQ,3647,2115,57.99
20,263,AXISGOLD,EQ,40427,29715,73.50
20,264,AXISHCETF,EQ,4087,2382,58.28
20,265,AXISILVER,EQ,8563,6305,73.63
20,266,AXISNIFTY,EQ,14541,13813,94.99
20,267,AXISTECETF,EQ,1886,1663,88.18
20,268,AXITA,EQ,2932178,1123428,38.31
20,269,AXSENSEX,EQ,4677,4235,90.55
20,270,AYMSYNTEX,EQ,134264,66745,49.71
20,271,AZAD,EQ,1111615,464601,41.80
20,272,BABAFP,SM,27200,20800,76.47
20,273,BAHETI,SM,39000,24750,63.46
20,274,BAIDFIN,EQ,1021706,459238,44.95
20,275,BAJAJ-AUTO,EQ,282537,116025,41.07
20,276,BAJAJCON,EQ,411868,233398,56.67
20,277,BAJAJELEC,EQ,48387,26333,54.42
20,278,BAJAJFINSV,EQ,1486674,821168,55.24
20,279,BAJAJHCARE,EQ,244865,99348,40.57
20,280,BAJAJHIND,EQ,33302601,15727381,47.23
20,281,BAJAJHLDNG,EQ,38780,19968,51.49
20,282,BAJEL,EQ,608659,336731,55.32
20,283,BAJFINANCE,EQ,2193209,1129204,51.49
20,284,BALAJITELE,EQ,9088662,3129101,34.43
20,285,BALAMINES,EQ,59108,20742,35.09
20,286,BALAXI,EQ,133077,78965,59.34
20,287,BALKRISIND,EQ,194937,107472,55.13
20,288,BALMLAWRIE,EQ,733806,307343,41.88
20,289,BALPHARMA,EQ,137980,83240,60.33
20,290,BALRAMCHIN,EQ,4928647,1311010,26.60
20,291,BANARBEADS,EQ,59211,26843,45.33
20,292,BANARISUG,EQ,2521,1631,64.70
20,293,BANCOINDIA,EQ,285432,127790,44.77
20,294,BANDHANBNK,EQ,10703085,5206796,48.65
20,295,BANKBARODA,EQ,33645402,9332681,27.74
20,296,BANKBEES,EQ,1245049,841743,67.61
20,297,BANKBETF,EQ,8772,6357,72.47
20,298,BANKETF,EQ,7066,5023,71.09
20,299,BANKIETF,EQ,287289,204933,71.33
20,300,BANKINDIA,EQ,44308819,16547102,37.34
20,301,BANSWRAS,EQ,97547,62782,64.36
20,302,BARBEQUE,EQ,103373,61251,59.25
20,303,BASF,EQ,12144,6340,52.21
20,304,BASILIC,SM,39600,21600,54.55
20,305,BASML,EQ,635580,347535,54.68
20,306,BATAINDIA,EQ,528206,316816,59.98
20,307,BAWEJA,ST,17600,17600,100.00
20,308,BAYERCROP,EQ,16429,12692,77.25
20,309,BBETF0432,EQ,382,335,87.70
20,310,BBL,EQ,163384,66321,40.59
20,311,BBNPPGOLD,EQ,135,86,63.70
20,312,BBOX,EQ,369938,259637,70.18
20,313,BBTC,EQ,111828,37328,33.38
20,314,BBTCL,EQ,20447,11774,57.58
20,315,BCG,EQ,18679253,7849290,42.02
20,316,BCLIND,EQ,10356315,3791947,36.61
20,317,BDL,EQ,4470588,1001182,22.39
20,318,BECTORFOOD,EQ,570916,203091,35.57
20,319,BEL,EQ,29094709,15162650,52.11
20,320,BEML,EQ,485402,156780,32.30
20,321,BEPL,EQ,887420,504076,56.80
20,322,BERGEPAINT,EQ,1033571,476468,46.10
20,323,BETA,SM,3200,2200,68.75
20,324,BEWLTD,SM,250,250,100.00
20,325,BFINVEST,EQ,162415,67523,41.57
20,326,BFSI,EQ,817930,731739,89.46
20,327,BFUTILITIE,EQ,906391,300894,33.20
20,328,BGRENERGY,EQ,3683487,1212462,32.92
20,329,BHAGCHEM,EQ,13166,8845,67.18
20,330,BHAGERIA,EQ,41307,19689,47.67
20,331,BHAGYANGR,EQ,464984,187868,40.40
20,332,BHANDARI,EQ,2268412,1353710,59.68
20,333,BHARATFORG,EQ,728305,410996,56.43
20,334,BHARATGEAR,EQ,201978,103373,51.18
20,335,BHARATRAS,EQ,570,403,70.70
20,336,BHARTIARTL,EQ,6519392,3469240,53.21
20,337,BHEL,EQ,20903389,6785383,32.46
20,338,BIGBLOC,EQ,231274,111589,48.25
20,339,BIKAJI,EQ,911786,840066,92.13
20,340,BIOCON,EQ,5818098,1824363,31.36
20,341,BIOFILCHEM,EQ,74432,44315,59.54
20,342,BIRET,RR,58351,51602,88.43
20,343,BIRLACABLE,EQ,703534,311712,44.31
20,344,BIRLACORPN,EQ,274954,152915,55.61
20,345,BLAL,EQ,903505,271259,30.02
20,346,BLISSGVS,EQ,277011,129527,46.76
20,347,BLKASHYAP,EQ,5154609,2380732,46.19
20,348,BLS,EQ,2553133,886493,34.72
20,349,BLSE,EQ,6307054,1570098,24.89
20,350,BLUEDART,EQ,12550,6221,49.57
20,351,BLUEJET,EQ,224291,112869,50.32
20,352,BLUESTARCO,EQ,101895,35356,34.70
20,353,BMETRICS,SM,7600,7200,94.74
20,354,BODALCHEM,EQ,618520,333166,53.87
20,355,BOMDYEING,EQ,2058461,1159161,56.31
20,356,BOROLTD,EQ,82690,41151,49.77
20,357,BORORENEW,EQ,3548088,1276652,35.98
20,358,BOSCHLTD,EQ,21046,8179,38.86
20,359,BPCL,EQ,18761294,5189454,27.66
20,360,BPL,EQ,162729,109231,67.12
20,361,BRIGADE,EQ,297857,154380,51.83
20,362,BRIGHT,SM,5181000,3579000,69.08
20,363,BRITANNIA,EQ,623680,268905,43.12
20,364,BRITANNIA,N3,2612,2611,99.96
20,365,BRNL,EQ,260407,149218,57.30
20,366,BROOKS,EQ,56296,24351,43.26
20,367,BSE,EQ,555013,244622,44.08
20,368,BSE500IETF,EQ,192513,156148,81.11
20,369,BSHSL,EQ,93640,24791,26.47
20,370,BSL,EQ,13140,6942,52.83
20,371,BSLGOLDETF,EQ,5631,3301,58.62
20,372,BSLNIFTY,EQ,470151,404927,86.13
20,373,BSLSENETFG,EQ,3354,1091,32.53
20,374,BSOFT,EQ,736555,262896,35.69
20,375,BTML,EQ,151040,43848,29.03
20,376,BUTTERFLY,EQ,6252,3770,60.30
20,377,CADSYS,SM,20000,14000,70.00
20,378,CAMLINFINE,EQ,703456,438866,62.39
20,379,CAMPUS,EQ,579369,264030,45.57
20,380,CAMS,EQ,591677,259423,43.85
20,381,CANARYS,SM,160000,104000,65.00
20,382,CANBK,EQ,23256838,6429545,27.65
20,383,CANFINHOME,EQ,1158979,442711,38.20
20,384,CANTABIL,EQ,345218,149722,43.37
20,385,CAPACITE,EQ,1711386,810027,47.33
20,386,CAPLIPOINT,EQ,95232,67081,70.44
20,387,CAPTRUST,EQ,294925,153667,52.10
20,388,CARBORUNIV,EQ,65411,36568,55.90
20,389,CARERATING,EQ,28671,11271,39.31
20,390,CARTRADE,EQ,490835,156164,31.82
20,391,CARYSIL,EQ,107422,38046,35.42
20,392,CASTROLIND,EQ,3180026,1242029,39.06
20,393,CBAZAAR,SM,72000,40000,55.56
20,394,CCL,EQ,187669,134323,71.57
20,395,CDSL,EQ,3610129,1031084,28.56
20,396,CEATLTD,EQ,287257,113838,39.63
20,397,CELLECOR,SM,58800,39600,67.35
20,398,CELLO,EQ,354544,255659,72.11
20,399,CELLPOINT,SM,60000,48000,80.00
20,400,CENTENKA,EQ,44957,23496,52.26
20,401,CENTRALBK,EQ,90182075,24648303,27.33
20,402,CENTRUM,EQ,3735823,1581285,42.33
20,403,CENTUM,EQ,217094,86155,39.69
20,404,CENTURYPLY,EQ,160369,85667,53.42
20,405,CENTURYTEX,EQ,115632,48312,41.78
20,406,CERA,EQ,8048,5484,68.14
20,407,CESC,EQ,7023285,3019657,42.99
20,408,CGCL,EQ,390903,70048,17.92
20,409,CGPOWER,EQ,1938167,1417369,73.13
20,410,CHALET,EQ,254962,110039,43.16
20,411,CHAMBLFERT,EQ,5583317,3106541,55.64
20,412,CHAVDA,SM,78000,62000,79.49
20,413,CHEMBOND,EQ,151627,72740,47.97
20,414,CHEMCON,EQ,61919,35659,57.59
20,415,CHEMFAB,EQ,13800,9012,65.30
20,416,CHEMPLASTS,EQ,140090,110377,78.79
20,417,CHENNPETRO,EQ,950658,216488,22.77
20,418,CHEVIOT,EQ,4074,2417,59.33
20,419,CHOICEIN,EQ,598636,156992,26.22
20,420,CHOLAFIN,EQ,3061436,1766464,57.70
20,421,CHOLAFIN,N0,10,10,100.00
20,422,CHOLAFIN,N2,30,30,100.00
20,423,CHOLAFIN,N6,10,10,100.00
20,424,CHOLAFIN,N7,20,20,100.00
20,425,CHOLAFIN,NC,50,50,100.00
20,426,CHOLAFIN,NL,200,200,100.00
20,427,CHOLAHLDNG,EQ,150212,74743,49.76
20,428,CIEINDIA,EQ,194578,113831,58.50
20,429,CIGNITITEC,EQ,307942,178544,57.98
20,430,CINELINE,EQ,69760,46279,66.34
20,431,CINEVISTA,EQ,143749,94309,65.61
20,432,CIPLA,EQ,1447767,550310,38.01
20,433,CLEAN,EQ,127592,81314,63.73
20,434,CLEDUCATE,EQ,179856,108421,60.28
20,435,CLOUD,SM,350000,174000,49.71
20,436,CLSEL,EQ,297337,162685,54.71
20,437,CLSL,SM,18000,16000,88.89
20,438,CMMIPL,ST,27000,27000,100.00
20,439,CMNL,SM,96000,61500,64.06
20,440,CMRSL,SM,9600,9600,100.00
20,441,CMSINFO,EQ,467764,272547,58.27
20,442,COALINDIA,EQ,18790158,5362176,28.54
20,443,COASTCORP,EQ,43869,32239,73.49
20,444,COCHINSHIP,EQ,3837173,866733,22.59
20,445,COFFEEDAY,EQ,3510217,1229109,35.02
20,446,COFORGE,EQ,163963,57121,34.84
20,447,COLPAL,EQ,134032,65627,48.96
20,448,COMMITTED,SM,33600,32000,95.24
20,449,COMMOIETF,EQ,90825,81052,89.24
20,450,COMSYN,EQ,22705,18919,83.33
20,451,CONCOR,EQ,3711989,1367143,36.83
20,452,CONCORDBIO,EQ,46820,24024,51.31
20,453,CONFIPET,EQ,2526603,963453,38.13
20,454,CONSOFINVT,EQ,21785,14091,64.68
20,455,CONSUMBEES,EQ,56241,45419,80.76
20,456,CONSUMIETF,EQ,66967,3895,5.82
20,457,CONTI,SM,33330,29997,90.00
20,458,CONTROLPR,EQ,31721,16641,52.46
20,459,COOLCAPS,SM,3250,3250,100.00
20,460,CORDSCABLE,EQ,569989,250420,43.93
20,461,COROMANDEL,EQ,280684,168522,60.04
20,462,COSMOFIRST,EQ,50885,32525,63.92
20,463,CPS,SM,1200,1200,100.00
20,464,CPSEETF,EQ,9153346,6107010,66.72
20,465,CRAFTSMAN,EQ,78725,52421,66.59
20,466,CRAYONS,SM,53000,48000,90.57
20,467,CREATIVE,EQ,22396,12820,57.24
20,468,CREDITACC,EQ,201891,138485,68.59
20,469,CREDITACC,N5,115,115,100.00
20,470,CREDITACC,N6,7,7,100.00
20,471,CREDITACC,N7,40,40,100.00
20,472,CREDITACC,N9,27,27,100.00
20,473,CREDITACC,ND,7,7,100.00
20,474,CREST,EQ,46576,28882,62.01
20,475,CRISIL,EQ,148235,60499,40.81
20,476,CROMPTON,EQ,1070373,579656,54.15
20,477,CSBBANK,EQ,256040,127236,49.69
20,478,CSLFINANCE,EQ,30874,14640,47.42
20,479,CTE,EQ,92808,50754,54.69
20,480,CUB,EQ,7759447,3786744,48.80
20,481,CUMMINSIND,EQ,4892636,1167466,23.86
20,482,CYBERTECH,EQ,83934,41698,49.68
20,483,CYIENT,EQ,300105,225689,75.20
20,484,CYIENTDLM,EQ,689625,201232,29.18
20,485,DABUR,EQ,1488521,834844,56.09
20,486,DALBHARAT,EQ,777828,549646,70.66
20,487,DALMIASUG,EQ,85622,35005,40.88
20,488,DAMODARIND,EQ,55860,38988,69.80
20,489,DANGEE,EQ,1507717,988233,65.54
20,490,DATAMATICS,EQ,212871,78759,37.00
20,491,DATAPATTNS,EQ,72153,32375,44.87
20,492,DAVANGERE,EQ,10356,3793,36.63
20,493,DBCORP,EQ,332006,191885,57.80
20,494,DBL,EQ,644931,254083,39.40
20,495,DBOL,EQ,329992,178117,53.98
20,496,DBREALTY,EQ,1995412,1008668,50.55
20,497,DBSTOCKBRO,EQ,17881,6940,38.81
20,498,DCAL,EQ,817984,339084,41.45
20,499,DCBBANK,EQ,1738453,918235,52.82
20,500,DCI,EQ,21053,11440,54.34
20,501,DCM,EQ,109398,63995,58.50
20,502,DCMNVL,EQ,28632,22077,77.11
20,503,DCMSHRIRAM,EQ,29987,14377,47.94
20,504,DCMSRIND,EQ,714280,312783,43.79
20,505,DCW,EQ,4971499,1975311,39.73
20,506,DCXINDIA,EQ,1144914,478223,41.77
20,507,DECCANCE,EQ,15404,8112,52.66
20,508,DEEPAKFERT,EQ,678965,390499,57.51
20,509,DEEPAKNTR,EQ,137498,64731,47.08
20,510,DEEPENR,EQ,29377,18877,64.26
20,511,DEEPINDS,EQ,542381,228457,42.12
20,512,DELAPLEX,ST,49800,46200,92.77
20,513,DELHIVERY,EQ,2008463,1141701,56.84
20,514,DELPHIFX,EQ,21102,15123,71.67
20,515,DELTACORP,EQ,6556339,2514517,38.35
20,516,DELTAMAGNT,EQ,15592,10342,66.33
20,517,DEN,EQ,3158815,1164192,36.86
20,518,DENEERS,SM,16200,10800,66.67
20,519,DENORA,EQ,26795,11342,42.33
20,520,DENTALKART,SM,19500,16000,82.05
20,521,DESTINY,SM,3000,3000,100.00
20,522,DEVIT,EQ,73897,31928,43.21
20,523,DEVYANI,EQ,3839455,2230471,58.09
20,524,DGCONTENT,EQ,227520,179184,78.76
20,525,DHAMPURSUG,EQ,386730,178965,46.28
20,526,DHANBANK,EQ,4755466,3395596,71.40
20,527,DHANI,EQ,28614195,9741215,34.04
20,528,DHANILOANS,N6,3,1,33.33
20,529,DHANILOANS,N8,10,10,100.00
20,530,DHANILOANS,NW,16,16,100.00
20,531,DHANILOANS,Y5,30,30,100.00
20,532,DHANUKA,EQ,117920,56076,47.55
20,533,DHARMAJ,EQ,95782,46540,48.59
20,534,DHRUV,EQ,258673,135928,52.55
20,535,DHTL,ST,275200,262400,95.35
20,536,DHUNINV,EQ,2450,1578,64.41
20,537,DIAMINESQ,EQ,11665,7174,61.50
20,538,DIAMONDYD,EQ,42378,18062,42.62
20,539,DICIND,EQ,6007,3881,64.61
20,540,DIGIKORE,SM,5600,5600,100.00
20,541,DIGISPICE,EQ,334529,229623,68.64
20,542,DIL,EQ,3186971,1833622,57.53
20,543,DISHTV,EQ,127706114,40676574,31.85
20,544,DIVGIITTS,EQ,32920,17963,54.57
20,545,DIVISLAB,EQ,399402,183553,45.96
20,546,DIVOPPBEES,EQ,38503,25769,66.93
20,547,DIXON,EQ,176758,84166,47.62
20,548,DJML,EQ,6501,3849,59.21
20,549,DKEGL,SM,1500,1500,100.00
20,550,DLF,EQ,3355261,981713,29.26
20,551,DLINKINDIA,EQ,230171,154794,67.25
20,552,DMART,EQ,261689,160690,61.40
20,553,DMCC,EQ,56681,28607,50.47
20,554,DODLA,EQ,166860,91044,54.56
20,555,DOLATALGO,EQ,2197829,973653,44.30
20,556,DOLLAR,EQ,1218513,389589,31.97
20,557,DOLLEX,SM,112000,80000,71.43
20,558,DOMS,EQ,186787,94179,50.42
20,559,DONEAR,EQ,443969,205622,46.31
20,560,DPABHUSHAN,EQ,34786,10694,30.74
20,561,DPSCLTD,EQ,1052489,716940,68.12
20,562,DPWIRES,EQ,36733,18897,51.44
20,563,DREAMFOLKS,EQ,415658,215112,51.75
20,564,DRL,SM,12000,12000,100.00
20,565,DRONE,SM,170000,120000,70.59
20,566,DRREDDY,EQ,358241,216239,60.36
20,567,DSPBANKETF,EQ,28223,18679,66.18
20,568,DSPGOLDETF,EQ,438,252,57.53
20,569,DSPITETF,EQ,10075,7340,72.85
20,570,DSPN50ETF,EQ,1620,1261,77.84
20,571,DSPNEWETF,EQ,4279,3177,74.25
20,572,DSPPSBKETF,EQ,38360,10412,27.14
20,573,DSPPVBKETF,EQ,248414,223565,90.00
20,574,DSPQ50ETF,EQ,2228,1439,64.59
20,575,DSPSENXETF,EQ,1240,1170,94.35
20,576,DSPSILVETF,EQ,9152,7541,82.40
20,577,DSSL,EQ,77303,34255,44.31
20,578,DTIL,EQ,15601,8632,55.33
20,579,DUCOL,SM,8800,5600,63.64
20,580,DUGLOBAL,SM,25000,25000,100.00
20,581,DVL,EQ,38663,24478,63.31
20,582,DWARKESH,EQ,2409900,1478039,61.33
20,583,DYCL,EQ,46114,25811,55.97
20,584,DYNAMATECH,EQ,125787,32079,25.50
20,585,DYNAMIC,SM,24000,19000,79.17
20,586,DYNPRO,EQ,29060,17626,60.65
20,587,EASEMYTRIP,EQ,36628637,14550993,39.73
20,588,EBBETF0425,EQ,1937,1810,93.44
20,589,EBBETF0430,EQ,7659,6132,80.06
20,590,EBBETF0431,EQ,5495,4942,89.94
20,591,EBBETF0433,EQ,9392,9191,97.86
20,592,ECLERX,EQ,109830,78850,71.79
20,593,ECLFINANCE,NJ,939,550,58.57
20,594,ECLFINANCE,NR,55,48,87.27
20,595,EDELWEISS,EQ,5177379,1990837,38.45
20,596,EFACTOR,SM,14400,8000,55.56
20,597,EFORCE,SM,303600,181200,59.68
20,598,EGOLD,EQ,1593,1441,90.46
20,599,EICHERMOT,EQ,404899,186321,46.02
20,600,EIDPARRY,EQ,1433459,1086298,75.78
20,601,EIFFL,EQ,45258,39811,87.96
20,602,EIHAHOTELS,EQ,100272,28681,28.60
20,603,EIHOTEL,EQ,2398325,670910,27.97
20,604,EKC,EQ,2172685,967785,44.54
20,605,ELDEHSG,EQ,15075,9240,61.29
20,606,ELECON,EQ,116396,66993,57.56
20,607,ELECTCAST,EQ,11984499,4837859,40.37
20,608,ELGIEQUIP,EQ,1194879,345003,28.87
20,609,ELGIRUBCO,EQ,148472,104613,70.46
20,610,ELIN,EQ,245756,92158,37.50
20,611,EMAMILTD,EQ,386923,249817,64.57
20,612,EMAMIPAP,EQ,160798,82058,51.03
20,613,EMBASSY,RR,347315,315494,90.84
20,614,EMIL,EQ,649404,416462,64.13
20,615,EMKAYTOOLS,SM,300,300,100.00
20,616,EMMBI,EQ,124527,74728,60.01
20,617,EMSLIMITED,EQ,128853,76321,59.23
20,618,EMUDHRA,EQ,143639,65527,45.62
20,619,ENDURANCE,EQ,89632,43733,48.79
20,620,ENGINERSIN,EQ,6265328,3426203,54.69
20,621,ENIL,EQ,647377,138835,21.45
20,622,EPACK,EQ,629606,345720,54.91
20,623,EPIGRAL,EQ,41874,24827,59.29
20,624,EPL,EQ,3183001,1007340,31.65
20,625,EQUITASBNK,EQ,3131482,1477937,47.20
20,626,ERFLNCDI,N5,231,231,100.00
20,627,ERFLNCDI,N6,125,125,100.00
20,628,ERIS,EQ,549266,300888,54.78
20,629,EROSMEDIA,EQ,9122300,4198741,46.03
20,630,ESABINDIA,EQ,6586,4126,62.65
20,631,ESAFSFB,EQ,13155666,5018678,38.15
20,632,ESCORTS,EQ,457664,94987,20.75
20,633,ESFL,SM,88800,63600,71.62
20,634,ESG,EQ,7973,4903,61.50
20,635,ESILVER,EQ,9984,8705,87.19
20,636,ESSARSHPNG,EQ,279639,192220,68.74
20,637,ESTER,EQ,214548,94215,43.91
20,638,ETHOSLTD,EQ,25884,13019,50.30
20,639,EUROBOND,SM,4000,4000,100.00
20,640,EUROTEXIND,EQ,14739,11614,78.80
20,641,EVEREADY,EQ,100106,57794,57.73
20,642,EVERESTIND,EQ,18031,9396,52.11
20,643,EXCELINDUS,EQ,8930,5864,65.67
20,644,EXIDEIND,EQ,1892474,960925,50.78
20,645,EXPLEOSOL,EQ,386073,145702,37.74
20,646,EXXARO,EQ,326303,171715,52.62
20,647,FACT,EQ,300506,99609,33.15
20,648,FAIRCHEMOR,EQ,52011,30724,59.07
20,649,FAZE3Q,EQ,12934,8261,63.87
20,650,FCL,EQ,1502296,597194,39.75
20,651,FCSSOFT,EQ,28848670,13435750,46.57
20,652,FDC,EQ,855299,436160,51.00
20,653,FEDERALBNK,EQ,10083699,4185880,41.51
20,654,FEDFINA,EQ,245379,146550,59.72
20,655,FELIX,ST,10000,10000,100.00
20,656,FIBERWEB,EQ,124956,87582,70.09
20,657,FIDEL,SM,14000,13000,92.86
20,658,FIEMIND,EQ,33161,15226,45.92
20,659,FILATEX,EQ,11682351,4059382,34.75
20,660,FINCABLES,EQ,280446,134178,47.84
20,661,FINEORG,EQ,70601,42623,60.37
20,662,FINIETF,EQ,62647,31234,49.86
20,663,FINOPB,EQ,955796,414327,43.35
20,664,FINPIPE,EQ,486445,282261,58.03
20,665,FIVESTAR,EQ,646652,522903,80.86
20,666,FLAIR,EQ,107422,57997,53.99
20,667,FLEXITUFF,EQ,9833,6386,64.94
20,668,FLUOROCHEM,EQ,105409,55041,52.22
20,669,FMCGIETF,EQ,39447,31780,80.56
20,670,FMGOETZE,EQ,238072,150705,63.30
20,671,FOCE,SM,200,200,100.00
20,672,FOCUS,EQ,311470,128079,41.12
20,673,FONEBOX,ST,334000,298000,89.22
20,674,FOODSIN,EQ,346712,176574,50.93
20,675,FORTIS,EQ,2003835,1336921,66.72
20,676,FOSECOIND,EQ,3990,2164,54.24
20,677,FROG,SM,18000,14400,80.00
20,678,FSL,EQ,11892908,4339470,36.49
20,679,FUSION,EQ,270898,156253,57.68
20,680,GABRIEL,EQ,295580,126747,42.88
20,681,GAEL,EQ,459831,294153,63.97
20,682,GAIL,EQ,19018617,8418903,44.27
20,683,GALAXYSURF,EQ,10716,5704,53.23
20,684,GANDHAR,EQ,365599,172853,47.28
20,685,GANDHITUBE,EQ,54148,26761,49.42
20,686,GANECOS,EQ,147667,94289,63.85
20,687,GANESHBE,EQ,503490,229336,45.55
20,688,GANESHHOUC,EQ,106960,75350,70.45
20,689,GANGESSECU,EQ,18478,12023,65.07
20,690,GARFIBRES,EQ,16046,6970,43.44
20,691,GATECHDVR,EQ,1268696,605530,47.73
20,692,GATEWAY,EQ,1026613,545418,53.13
20,693,GEECEE,EQ,338119,118183,34.95
20,694,GENCON,EQ,209223,123859,59.20
20,695,GENESYS,EQ,66212,38619,58.33
20,696,GENSOL,EQ,656853,308184,46.92
20,697,GENUSPAPER,EQ,1252337,760165,60.70
20,698,GENUSPOWER,EQ,1204752,619094,51.39
20,699,GEOJITFSL,EQ,1414804,576780,40.77
20,700,GEPIL,EQ,464041,165135,35.59
20,701,GESHIP,EQ,255100,172846,67.76
20,702,GFLLIMITED,EQ,174248,95770,54.96
20,703,GHCL,EQ,351111,197646,56.29
20,704,GHCLTEXTIL,EQ,1433200,665452,46.43
20,705,GICHSGFIN,EQ,2135705,493302,23.10
20,706,GICL,SM,30000,30000,100.00
20,707,GICRE,EQ,24243212,2486131,10.25
20,708,GILLETTE,EQ,18852,9802,51.99
20,709,GILT5YBEES,EQ,134255,99211,73.90
20,710,GINNIFILA,EQ,427759,300615,70.28
20,711,GIPCL,EQ,838704,342008,40.78
20,712,GKWLIMITED,EQ,355,239,67.32
20,713,GLAND,EQ,162482,72540,44.64
20,714,GLAXO,EQ,114996,59844,52.04
20,715,GLENMARK,EQ,1203539,773243,64.25
20,716,GLOBAL,EQ,106776,50779,47.56
20,717,GLOBALPET,SM,10500,9000,85.71
20,718,GLOBUSSPR,EQ,84157,50767,60.32
20,719,GLS,EQ,554518,498476,89.89
20,720,GMBREW,EQ,21593,12288,56.91
20,721,GMDCLTD,EQ,2604090,798811,30.68
20,722,GMMPFAUDLR,EQ,177388,106120,59.82
20,723,GMRINFRA,EQ,44963439,19291193,42.90
20,724,GMRP&UI,EQ,9640680,5731679,59.45
20,725,GNA,EQ,47673,30737,64.47
20,726,GNFC,EQ,2493082,579140,23.23
20,727,GOACARBON,EQ,121906,51897,42.57
20,728,GOCLCORP,EQ,56700,31024,54.72
20,729,GOCOLORS,EQ,58418,22301,38.17
20,730,GODFRYPHLP,EQ,25823,12023,46.56
20,731,GODREJAGRO,EQ,99767,63788,63.94
20,732,GODREJCP,EQ,712653,422192,59.24
20,733,GODREJIND,EQ,130371,54322,41.67
20,734,GODREJPROP,EQ,720663,355386,49.31
20,735,GOKEX,EQ,241631,124469,51.51
20,736,GOKULAGRO,EQ,212867,112606,52.90
20,737,GOLDBEES,EQ,2506407,1928637,76.95
20,738,GOLDETF,EQ,18241,11068,60.68
20,739,GOLDIAM,EQ,4576595,1526662,33.36
20,740,GOLDIETF,EQ,469912,432658,92.07
20,741,GOLDSHARE,EQ,77369,74191,95.89
20,742,GOLDSTAR,SM,78750,67500,85.71
20,743,GOODLUCK,EQ,74058,41361,55.85
20,744,GOYALSALT,SM,21000,18000,85.71
20,745,GPIL,EQ,932122,375826,40.32
20,746,GPPL,EQ,4632310,1907080,41.17
20,747,GRANULES,EQ,1083507,403013,37.20
20,748,GRAPHISAD,SM,40800,24000,58.82
20,749,GRAPHITE,EQ,1246675,440182,35.31
20,750,GRASIM,EQ,1387156,672347,48.47
20,751,GRAVITA,EQ,113659,58088,51.11
20,752,GREAVESCOT,EQ,12101558,2709789,22.39
20,753,GREENCHEF,SM,14400,10400,72.22
20,754,GREENLAM,EQ,37006,16604,44.87
20,755,GREENPANEL,EQ,137013,67634,49.36
20,756,GREENPLY,EQ,148153,75349,50.86
20,757,GREENPOWER,EQ,27337167,19387532,70.92
20,758,GRINDWELL,EQ,61861,36550,59.08
20,759,GRINFRA,EQ,61383,30578,49.82
20,760,GRMOVER,EQ,85292,43317,50.79
20,761,GROBTEA,EQ,154,101,65.58
20,762,GRPLTD,EQ,164,123,75.00
20,763,GRSE,EQ,946511,307093,32.44
20,764,GRWRHITECH,EQ,335817,170216,50.69
20,765,GSEC10YEAR,EQ,11,11,100.00
20,766,GSEC5IETF,EQ,553,533,96.38
20,767,GSFC,EQ,8758243,4043846,46.17
20,768,GSLSU,EQ,236820,116778,49.31
20,769,GSPL,EQ,4138795,2090954,50.52
20,770,GSS,EQ,49798,38675,77.66
20,771,GSTL,SM,32000,23000,71.88
20,772,GTLINFRA,EQ,334368632,166412861,49.77
20,773,GTPL,EQ,118993,49897,41.93
20,774,GUFICBIO,EQ,82109,39145,47.67
20,775,GUJALKALI,EQ,975445,328816,33.71
20,776,GUJGASLTD,EQ,707704,261238,36.91
20,777,GULFOILLUB,EQ,287384,145077,50.48
20,778,GULFPETRO,EQ,163428,98579,60.32
20,779,GULPOLY,EQ,720705,363233,50.40
20,780,HAL,EQ,4475010,1773494,39.63
20,781,HAPPSTMNDS,EQ,265448,164408,61.94
20,782,HAPPYFORGE,EQ,235053,141497,60.20
20,783,HARDWYN,EQ,630208,273202,43.35
20,784,HARIOMPIPE,EQ,66670,37054,55.58
20,785,HARRMALAYA,EQ,28098,16141,57.45
20,786,HARSHA,EQ,237870,59264,24.91
20,787,HATHWAY,EQ,28716632,10654865,37.10
20,788,HATSUN,EQ,13245,7536,56.90
20,789,HAVELLS,EQ,793521,556040,70.07
20,790,HBLPOWER,EQ,4694787,1810780,38.57
20,791,HCC,EQ,29674406,13689440,46.13
20,792,HCG,EQ,285544,176732,61.89
20,793,HCLTECH,EQ,3496692,1478057,42.27
20,794,HDFCAMC,EQ,177808,90118,50.68
20,795,HDFCBANK,EQ,34553062,22315085,64.58
20,796,HDFCBSE500,EQ,26081,12116,46.46
20,797,HDFCGOLD,EQ,321993,261978,81.36
20,798,HDFCGROWTH,EQ,2768,2347,84.79
20,799,HDFCLIFE,EQ,7782663,4637442,59.59
20,800,HDFCLIQUID,EQ,832,762,91.59
20,801,HDFCLOWVOL,EQ,26832,18599,69.32
20,802,HDFCMID150,EQ,256054,151713,59.25
20,803,HDFCMOMENT,EQ,130434,75049,57.54
20,804,HDFCNEXT50,EQ,12717,10981,86.35
20,805,HDFCNIF100,EQ,24759,17232,69.60
20,806,HDFCNIFBAN,EQ,138446,108086,78.07
20,807,HDFCNIFIT,EQ,24818,17745,71.50
20,808,HDFCNIFTY,EQ,147950,123073,83.19
20,809,HDFCPSUBK,EQ,155845,81958,52.59
20,810,HDFCPVTBAN,EQ,182635,142699,78.13
20,811,HDFCQUAL,EQ,6156,5031,81.73
20,812,HDFCSENSEX,EQ,310887,279821,90.01
20,813,HDFCSILVER,EQ,175461,122744,69.96
20,814,HDFCSML250,EQ,243103,200408,82.44
20,815,HDFCVALUE,EQ,3837,2598,67.71
20,816,HEADSUP,EQ,624373,522084,83.62
20,817,HEALTHADD,EQ,4869,1790,36.76
20,818,HEALTHIETF,EQ,23098,18537,80.25
20,819,HEALTHY,EQ,325212,275652,84.76
20,820,HEG,EQ,415917,112018,26.93
20,821,HEIDELBERG,EQ,523832,400656,76.49
20,822,HEMIPROP,EQ,2368452,874416,36.92
20,823,HERANBA,EQ,68443,37303,54.50
20,824,HERCULES,EQ,149888,59382,39.62
20,825,HERITGFOOD,EQ,305603,154269,50.48
20,826,HEROMOTOCO,EQ,444060,182326,41.06
20,827,HESTERBIO,EQ,3473,2325,66.95
20,828,HEUBACHIND,EQ,123656,74075,59.90
20,829,HEXATRADEX,EQ,12326,8801,71.40
20,830,HFCL,EQ,77772611,24929989,32.05
20,831,HGINFRA,EQ,82350,40212,48.83
20,832,HGS,EQ,19872,12640,63.61
20,833,HIGREEN,SM,110400,65600,59.42
20,834,HIKAL,EQ,583235,268060,45.96
20,835,HIL,EQ,17325,10730,61.93
20,836,HILTON,EQ,338445,153549,45.37
20,837,HIMATSEIDE,EQ,273451,159798,58.44
20,838,HINDALCO,EQ,11844758,5246036,44.29
20,839,HINDCOMPOS,EQ,17649,11781,66.75
20,840,HINDCOPPER,EQ,4610174,1813298,39.33
20,841,HINDMOTORS,EQ,7032539,4278957,60.85
20,842,HINDOILEXP,EQ,1205204,529070,43.90
20,843,HINDPETRO,EQ,12712879,4532497,35.65
20,844,HINDUNILVR,EQ,1758661,992128,56.41
20,845,HINDWAREAP,EQ,36007,20223,56.16
20,846,HINDZINC,EQ,403828,225382,55.81
20,847,HIRECT,EQ,6526,4369,66.95
20,848,HISARMETAL,EQ,23758,14044,59.11
20,849,HITECH,EQ,4058728,1721556,42.42
20,850,HITECHCORP,EQ,39578,22227,56.16
20,851,HITECHGEAR,EQ,24375,16301,66.88
20,852,HLEGLAS,EQ,35275,21069,59.73
20,853,HLVLTD,EQ,2421656,1363762,56.32
20,854,HMAAGRO,EQ,4179709,1818474,43.51
20,855,HMVL,EQ,433140,197358,45.56
20,856,HNDFDS,EQ,362744,133317,36.75
20,857,HNGSNGBEES,EQ,1004208,960833,95.68
20,858,HOLMARC,SM,12000,12000,100.00
20,859,HOMEFIRST,EQ,194364,139004,71.52
20,860,HONASA,EQ,756080,520805,68.88
20,861,HONAUT,EQ,8796,6340,72.08
20,862,HONDAPOWER,EQ,8222,3261,39.66
20,863,HPAL,EQ,757691,344235,45.43
20,864,HPL,EQ,421418,173456,41.16
20,865,HRHNEXT,SM,45000,27000,60.00
20,866,HTMEDIA,EQ,1895072,733492,38.71
20,867,HUBTOWN,EQ,559213,381958,68.30
20,868,HUDCO,EQ,13945384,3572920,25.62
20,869,HUDCO,N2,2779,1815,65.31
20,870,HUDCO,N5,100,35,35.00
20,871,HUDCO,N8,112,112,100.00
20,872,HUDCO,N9,70,45,64.29
20,873,HUDCO,ND,1546,1546,100.00
20,874,HUDCO,NE,120,120,100.00
20,875,HUHTAMAKI,EQ,465012,242877,52.23
20,876,IBLFL,SM,126000,84000,66.67
20,877,IBREALEST,EQ,51583753,16805225,32.58
20,878,IBUCCREDIT,NB,21,21,100.00
20,879,IBUCCREDIT,ND,10,10,100.00
20,880,IBUCCREDIT,NO,11,11,100.00
20,881,IBULHSG,NV,127,127,100.00
20,882,IBULHSG,Y3,10,10,100.00
20,883,IBULHSG,Y5,25,25,100.00
20,884,IBULHSGFIN,AB,43,43,100.00
20,885,IBULHSGFIN,AL,1,1,100.00
20,886,IBULHSGFIN,AX,10,10,100.00
20,887,IBULHSGFIN,BF,10,10,100.00
20,888,IBULHSGFIN,BI,38,38,100.00
20,889,IBULHSGFIN,EQ,19634266,9835380,50.09
20,890,IBULHSGFIN,N0,68,68,100.00
20,891,IBULHSGFIN,N8,11,11,100.00
20,892,IBULHSGFIN,N9,100,100,100.00
20,893,IBULHSGFIN,NA,200,200,100.00
20,894,IBULHSGFIN,NN,30,30,100.00
20,895,IBULHSGFIN,NS,200,200,100.00
20,896,IBULHSGFIN,NT,7,7,100.00
20,897,IBULHSGFIN,YC,12,12,100.00
20,898,IBULHSGFIN,YR,1,1,100.00
20,899,IBULHSGFIN,Z3,78,78,100.00
20,900,IBULHSGFIN,ZK,2,2,100.00
20,901,IBULHSGFIN,ZR,10,10,100.00
20,902,IBULHSGFIN,ZS,5,5,100.00
20,903,IBULHSGFIN,ZY,20,20,100.00
20,904,ICEMAKE,EQ,21225,12063,56.83
20,905,ICICIB22,EQ,1636802,1347206,82.31
20,906,ICICIBANK,EQ,20565502,11867524,57.71
20,907,ICICIGI,EQ,831036,561568,67.57
20,908,ICICIPRULI,EQ,1481895,952490,64.28
20,909,ICIL,EQ,417921,223100,53.38
20,910,ICRA,EQ,2783,1797,64.57
20,911,IDBI,EQ,30700127,8480358,27.62
20,912,IDEA,EQ,305462395,73455458,24.05
20,913,IDEAFORGE,EQ,441700,225009,50.94
20,914,IDFC,EQ,6098350,3171804,52.01
20,915,IDFCFIRSTB,EQ,31429130,14558052,46.32
20,916,IDFNIFTYET,EQ,200,191,95.50
20,917,IEX,EQ,12819592,4155455,32.41
20,918,IFBAGRO,EQ,4705,2815,59.83
20,919,IFBIND,EQ,50897,35053,68.87
20,920,IFCI,EQ,24002418,14254054,59.39
20,921,IFCI,NH,405,397,98.02
20,922,IFCI,NI,7,7,100.00
20,923,IFCI,NL,555,550,99.10
20,924,IFGLEXPOR,EQ,151731,79461,52.37
20,925,IGARASHI,EQ,78339,46563,59.44
20,926,IGL,EQ,2187859,1074373,49.11
20,927,IGPL,EQ,40849,20381,49.89
20,928,IIFCL,N1,200,100,50.00
20,929,IIFCL,N4,630,630,100.00
20,930,IIFL,EQ,409416,228168,55.73
20,931,IIFL,NE,1261,1261,100.00
20,932,IIFL,NF,641,594,92.67
20,933,IIFL,NL,952,951,99.89
20,934,IIFL,NM,380,380,100.00
20,935,IIFL,NO,281,281,100.00
20,936,IIFL,NP,1000,1000,100.00
20,937,IIFL,NT,573,573,100.00
20,938,IIFL,NV,50,50,100.00
20,939,IIFL,NW,87,51,58.62
20,940,IIFL,NZ,2,2,100.00
20,941,IIFL,Y0,13,13,100.00
20,942,IIFLSAMFIN,N0,45,45,100.00
20,943,IIFLSAMFIN,N2,102,102,100.00
20,944,IIFLSAMFIN,N3,1175,1175,100.00
20,945,IIFLSAMFIN,N4,124,124,100.00
20,946,IIFLSEC,EQ,723494,378723,52.35
20,947,IIHFL,N4,201,201,100.00
20,948,IIHFL,N5,4352,3055,70.20
20,949,IIHFL,N8,10,10,100.00
20,950,IIHFL,N9,173,150,86.71
20,951,IIHFL,NC,278,278,100.00
20,952,IIHFL,ND,10,10,100.00
20,953,IKIO,EQ,617587,312722,50.64
20,954,IMAGICAA,EQ,9889771,4029338,40.74
20,955,IMC1,N0,158,158,100.00
20,956,IMC1,N1,135,135,100.00
20,957,IMC1,N2,42,42,100.00
20,958,IMC1,N3,93,93,100.00
20,959,IMFA,EQ,102387,73686,71.97
20,960,IMPAL,EQ,2425,1209,49.86
20,961,INCREDFIN,N4,17,16,94.12
20,962,INDBANK,EQ,1237697,497747,40.22
20,963,INDHOTEL,EQ,2720940,1448207,53.22
20,964,INDIACEM,EQ,1124896,429261,38.16
20,965,INDIAGLYCO,EQ,91864,46393,50.50
20,966,INDIAMART,EQ,359407,234495,65.24
20,967,INDIANB,EQ,4488235,1459324,32.51
20,968,INDIANCARD,EQ,8814,4937,56.01
20,969,INDIANHUME,EQ,95846,56342,58.78
20,970,INDIASHLTR,EQ,399789,202074,50.55
20,971,INDIFRA,SM,36000,30000,83.33
20,972,INDIGO,EQ,762163,482875,63.36
20,973,INDIGOPNTS,EQ,175243,55668,31.77
20,974,INDIGRID,IV,275080,258366,93.92
20,975,INDIGRID,NJ,567,567,100.00
20,976,INDIGRID,NL,147,117,79.59
20,977,INDNIPPON,EQ,40643,20159,49.60
20,978,INDOAMIN,EQ,981107,445825,45.44
20,979,INDOBORAX,EQ,66829,36862,55.16
20,980,INDOCO,EQ,64944,33251,51.20
20,981,INDORAMA,EQ,827597,510087,61.63
20,982,INDOTECH,EQ,278665,62401,22.39
20,983,INDSWFTLAB,EQ,411433,237009,57.61
20,984,INDSWFTLTD,EQ,216194,128298,59.34
20,985,INDTERRAIN,EQ,523620,257717,49.22
20,986,INDUSINDBK,EQ,2931291,1348073,45.99
20,987,INDUSTOWER,EQ,22948763,13025977,56.76
20,988,INFIBEAM,EQ,37268825,12357455,33.16
20,989,INFINIUM,SM,8000,7500,93.75
20,990,INFOBEAN,EQ,15841,7524,47.50
20,991,INFOLLION,SM,17600,12800,72.73
20,992,INFRABEES,EQ,11194,8100,72.36
20,993,INFRAIETF,EQ,124583,44935,36.07
20,994,INFY,EQ,5919715,3327271,56.21
20,995,INGERRAND,EQ,12487,6298,50.44
20,996,INNOVACAP,EQ,84629,42974,50.78
20,997,INNOVANA,SM,1400,800,57.14
20,998,INNOVATIVE,ST,102000,102000,100.00
20,999,INOXINDIA,EQ,2516110,590087,23.45
20,1000,INOXWIND,EQ,2434869,1419281,58.29
20,1001,INSECTICID,EQ,32005,19637,61.36
20,1002,INSPIRE,SM,4000,4000,100.00
20,1003,INTELLECT,EQ,1164615,491927,42.24
20,1004,INTLCONV,EQ,6129972,1979545,32.29
20,1005,IOB,EQ,137458959,43702670,31.79
20,1006,IOC,EQ,83103687,20669094,24.87
20,1007,IOLCP,EQ,166791,86164,51.66
20,1008,IONEXCHANG,EQ,141314,72364,51.21
20,1009,IPCALAB,EQ,820166,299084,36.47
20,1010,IPL,EQ,5046194,1231596,24.41
20,1011,IRB,EQ,21906789,11952897,54.56
20,1012,IRBINVIT,IV,591278,471530,79.75
20,1013,IRCON,EQ,10958886,3167124,28.90
20,1014,IRCTC,EQ,1638646,592243,36.14
20,1015,IREDA,EQ,8349479,5892680,70.58
20,1016,IREDA,N7,50,50,100.00
20,1017,IRFC,EQ,34218693,10397927,30.39
20,1018,IRFC,N2,577,577,100.00
20,1019,IRFC,N4,18,18,100.00
20,1020,IRFC,NA,239,239,100.00
20,1021,IRFC,NB,2,2,100.00
20,1022,IRFC,ND,813,716,88.07
20,1023,IRFC,NE,631,551,87.32
20,1024,IRFC,NI,2,2,100.00
20,1025,IRFC,NJ,1919,1819,94.79
20,1026,IRFC,NK,50,50,100.00
20,1027,IRFC,NN,1,1,100.00
20,1028,IRIS,EQ,108110,70549,65.26
20,1029,IRISDOREME,EQ,100870,24657,24.44
20,1030,IRMENERGY,EQ,318252,141806,44.56
20,1031,ISEC,EQ,183809,97170,52.86
20,1032,ISFT,EQ,77659,40757,52.48
20,1033,ISGEC,EQ,156399,85503,54.67
20,1034,ISHAN,ST,2880000,2688000,93.33
20,1035,ISMTLTD,EQ,669361,268282,40.08
20,1036,ITBEES,EQ,2897142,1505324,51.96
20,1037,ITC,EQ,48183882,28028614,58.17
20,1038,ITDC,EQ,343899,105365,30.64
20,1039,ITDCEM,EQ,1943735,522919,26.90
20,1040,ITETF,EQ,28243,17695,62.65
20,1041,ITI,EQ,1412150,389923,27.61
20,1042,ITIETF,EQ,468444,236652,50.52
20,1043,IVZINGOLD,EQ,16,9,56.25
20,1044,JAGRAN,EQ,414018,203032,49.04
20,1045,JAGSNPHARM,EQ,85594,49416,57.73
20,1046,JAICORPLTD,EQ,433227,242442,55.96
20,1047,JAINAM,SM,4000,3000,75.00
20,1048,JAIPURKURT,EQ,18469,15492,83.88
20,1049,JALAN,SM,21000,15000,71.43
20,1050,JAMNAAUTO,EQ,7760814,3559376,45.86
20,1051,JASH,EQ,11392,7485,65.70
20,1052,JAYAGROGN,EQ,35353,20237,57.24
20,1053,JAYBARMARU,EQ,225530,143221,63.50
20,1054,JAYNECOIND,EQ,1283879,980821,76.40
20,1055,JAYSREETEA,EQ,328159,164109,50.01
20,1056,JBCHEPHARM,EQ,191133,108922,56.99
20,1057,JBMA,EQ,53529,33704,62.96
20,1058,JCHAC,EQ,23350,12620,54.05
20,1059,JETFREIGHT,EQ,126776,96187,75.87
20,1060,JFLLIFE,SM,12000,12000,100.00
20,1061,JHS,EQ,659736,477082,72.31
20,1062,JINDALPHOT,EQ,15966,6673,41.80
20,1063,JINDALPOLY,EQ,20865,9144,43.82
20,1064,JINDALSAW,EQ,3229212,1633929,50.60
20,1065,JINDALSTEL,EQ,2204316,828275,37.58
20,1066,JINDRILL,EQ,32487,17775,54.71
20,1067,JINDWORLD,EQ,387677,114945,29.65
20,1068,JIOFIN,EQ,21948925,12128232,55.26
20,1069,JISLDVREQS,EQ,75758,50917,67.21
20,1070,JISLJALEQS,EQ,4844747,2086029,43.06
20,1071,JIWANRAM,SM,36000,30000,83.33
20,1072,J&KBANK,EQ,6701418,2204493,32.90
20,1073,JKCEMENT,EQ,66828,29380,43.96
20,1074,JKIL,EQ,334616,181580,54.27
20,1075,JKLAKSHMI,EQ,143233,68939,48.13
20,1076,JKPAPER,EQ,2453321,1206189,49.17
20,1077,JKTYRE,EQ,936721,641095,68.44
20,1078,JLHL,EQ,25475,14844,58.27
20,1079,JMA,EQ,82225,60838,73.99
20,1080,JMFINANCIL,EQ,2577272,1081126,41.95
20,1081,JOCIL,EQ,146996,85603,58.23
20,1082,JPASSOCIAT,EQ,50128768,23037775,45.96
20,1083,JPOLYINVST,EQ,10757,6409,59.58
20,1084,JPPOWER,EQ,347090025,114779254,33.07
20,1085,JSL,EQ,1667942,654387,39.23
20,1086,JSLL,SM,122040,113940,93.36
20,1087,JSWENERGY,EQ,5703530,1863301,32.67
20,1088,JSWHL,EQ,1593,552,34.65
20,1089,JSWINFRA,EQ,3799484,2460367,64.76
20,1090,JSWSTEEL,EQ,2294805,645231,28.12
20,1091,JTEKTINDIA,EQ,99020,44336,44.77
20,1092,JTLIND,EQ,924502,475795,51.47
20,1093,JUBLFOOD,EQ,4024020,2795207,69.46
20,1094,JUBLINDS,EQ,16326,9432,57.77
20,1095,JUBLINGREA,EQ,136924,76267,55.70
20,1096,JUBLPHARMA,EQ,163585,72732,44.46
20,1097,JUNIORBEES,EQ,221522,167367,75.55
20,1098,JUSTDIAL,EQ,5064938,731070,14.43
20,1099,JWL,EQ,2643378,1217591,46.06
20,1100,JYOTHYLAB,EQ,954298,464363,48.66
20,1101,JYOTICNC,EQ,503466,228588,45.40
20,1102,KABRAEXTRU,EQ,28392,14753,51.96
20,1103,KAJARIACER,EQ,133920,89363,66.73
20,1104,KAKATCEM,EQ,28473,16220,56.97
20,1105,KALAMANDIR,EQ,332941,154263,46.33
20,1106,KALYANKJIL,EQ,17258388,6849176,39.69
20,1107,KAMATHOTEL,EQ,68517,41998,61.30
20,1108,KAMDHENU,EQ,731729,276267,37.76
20,1109,KAMOPAINTS,EQ,3128769,1259756,40.26
20,1110,KANDARP,SM,44000,40000,90.91
20,1111,KANORICHEM,EQ,71819,53635,74.68
20,1112,KANPRPLA,EQ,57151,32589,57.02
20,1113,KANSAINER,EQ,879350,559925,63.67
20,1114,KARNIKA,SM,86400,81600,94.44
20,1115,KARURVYSYA,EQ,1307154,520192,39.80
20,1116,KAYA,EQ,76984,57312,74.45
20,1117,KAYNES,EQ,206876,165276,79.89
20,1118,KBCGLOBAL,EQ,6007604,4480515,74.58
20,1119,KCEIL,SM,126000,68000,53.97
20,1120,KCP,EQ,551330,264036,47.89
20,1121,KCPSUGIND,EQ,1564294,760517,48.62
20,1122,KDDL,EQ,8885,4668,52.54
20,1123,KDL,SM,18400,15600,84.78
20,1124,KEC,EQ,973628,263852,27.10
20,1125,KECL,EQ,817056,457501,55.99
20,1126,KEI,EQ,177028,92425,52.21
20,1127,KEL,SM,15600,13200,84.62
20,1128,KELLTONTEC,EQ,1587941,624831,39.35
20,1129,KESORAMIND,EQ,1957337,1308755,66.86
20,1130,KEYFINSERV,EQ,18785,9067,48.27
20,1131,KFINTECH,EQ,428747,228029,53.18
20,1132,KHADIM,EQ,59026,40914,69.32
20,1133,KHAICHEM,EQ,399788,217924,54.51
20,1134,KHAITANLTD,EQ,12292,8418,68.48
20,1135,KHANDSE,EQ,28668,18658,65.08
20,1136,KHFM,SM,43400,31000,71.43
20,1137,KICL,EQ,12668,6595,52.06
20,1138,KILITCH,EQ,17100,11135,65.12
20,1139,KIMS,EQ,51406,28119,54.70
20,1140,KINGFA,EQ,11809,9686,82.02
20,1141,KIOCL,EQ,954723,214088,22.42
20,1142,KIRIINDUS,EQ,294169,137033,46.58
20,1143,KIRLOSBROS,EQ,120323,72932,60.61
20,1144,KIRLOSENG,EQ,627745,300871,47.93
20,1145,KIRLOSIND,EQ,3622,1853,51.16
20,1146,KIRLPNU,EQ,46114,23673,51.34
20,1147,KITEX,EQ,241937,111419,46.05
20,1148,KKCL,EQ,47279,23255,49.19
20,1149,KKVAPOW,SM,468,468,100.00
20,1150,KLL,SM,41600,35200,84.62
20,1151,KMSUGAR,EQ,1086328,492944,45.38
20,1152,KNAGRI,SM,11200,5600,50.00
20,1153,KNRCON,EQ,1478186,654191,44.26
20,1154,KODYTECH,SM,19200,17600,91.67
20,1155,KOKUYOCMLN,EQ,149888,66973,44.68
20,1156,KOLTEPATIL,EQ,138494,69632,50.28
20,1157,KONSTELEC,ST,612000,530000,86.60
20,1158,KONTOR,SM,8400,8400,100.00
20,1159,KOPRAN,EQ,1388917,581495,41.87
20,1160,KORE,SM,23500,20000,85.11
20,1161,KOTAKALPHA,EQ,365445,211095,57.76
20,1162,KOTAKBANK,EQ,4542774,2649211,58.32
20,1163,KOTAKBKETF,EQ,42621,37833,88.77
20,1164,KOTAKCONS,EQ,1084,881,81.27
20,1165,KOTAKGOLD,EQ,257471,209759,81.47
20,1166,KOTAKIT,EQ,32990,18182,55.11
20,1167,KOTAKLIQ,EQ,530,500,94.34
20,1168,KOTAKLOVOL,EQ,715652,703255,98.27
20,1169,KOTAKMID50,EQ,22708,10066,44.33
20,1170,KOTAKMNC,EQ,16471,11981,72.74
20,1171,KOTAKNIFTY,EQ,42311,21610,51.07
20,1172,KOTAKNV20,EQ,25147,15742,62.60
20,1173,KOTAKPSUBK,EQ,72520,34551,47.64
20,1174,KOTAKSILVE,EQ,9814,8144,82.98
20,1175,KOTARISUG,EQ,782258,448687,57.36
20,1176,KOTHARIPET,EQ,70118,44802,63.90
20,1177,KOTHARIPRO,EQ,33393,19105,57.21
20,1178,KOTYARK,SM,21000,15200,72.38
20,1179,KPIGREEN,EQ,452302,254548,56.28
20,1180,KPIL,EQ,344064,142276,41.35
20,1181,KPITTECH,EQ,1760816,765051,43.45
20,1182,KPRMILL,EQ,307412,233987,76.12
20,1183,KRBL,EQ,189490,95185,50.23
20,1184,KREBSBIO,EQ,23383,9333,39.91
20,1185,KRISHANA,EQ,43850,28569,65.15
20,1186,KRISHCA,SM,21500,16500,76.74
20,1187,KRISHNADEF,SM,9000,9000,100.00
20,1188,KRITI,EQ,2063154,515589,24.99
20,1189,KRITINUT,EQ,122639,53062,43.27
20,1190,KRSNAA,EQ,133716,90327,67.55
20,1191,KSB,EQ,55007,18317,33.30
20,1192,KSCL,EQ,112315,54300,48.35
20,1193,KSL,EQ,421941,167277,39.64
20,1194,KSOLVES,EQ,47669,22064,46.29
20,1195,KTKBANK,EQ,1031060,424218,41.14
20,1196,KUANTUM,EQ,278008,172777,62.15
20,1197,LAGNAM,EQ,89578,54213,60.52
20,1198,LALPATHLAB,EQ,164616,88385,53.69
20,1199,LAMBODHARA,EQ,65603,29864,45.52
20,1200,LANDMARK,EQ,185894,58286,31.35
20,1201,LAOPALA,EQ,374880,175121,46.71
20,1202,LASA,EQ,319655,221843,69.40
20,1203,LATENTVIEW,EQ,1273944,443165,34.79
20,1204,LATTEYS,EQ,286106,184590,64.52
20,1205,LAURUSLABS,EQ,650046,247475,38.07
20,1206,LAWSIKHO,ST,170000,156000,91.76
20,1207,LAXMICOT,EQ,37391,24205,64.73
20,1208,LAXMIMACH,EQ,5060,3290,65.02
20,1209,LEMERITE,SM,379200,144000,37.97
20,1210,LEMONTREE,EQ,3672067,1625034,44.25
20,1211,LEXUS,EQ,138315,76371,55.22
20,1212,LFIC,EQ,34789,16712,48.04
20,1213,LGBBROSLTD,EQ,17914,8911,49.74
20,1214,LGBFORGE,EQ,579617,371797,64.15
20,1215,LGHL,EQ,51,51,100.00
20,1216,LIBAS,EQ,650108,431101,66.31
20,1217,LICHSGFIN,EQ,1639613,651704,39.75
20,1218,LICI,EQ,22872046,5717355,25.00
20,1219,LICMFGOLD,EQ,169,92,54.44
20,1220,LICNETFGSC,EQ,115620,84174,72.80
20,1221,LICNETFN50,EQ,20741,20102,96.92
20,1222,LICNETFSEN,EQ,165,103,62.42
20,1223,LICNFNHGP,EQ,1971,670,33.99
20,1224,LIKHITHA,EQ,470852,231618,49.19
20,1225,LINC,EQ,16673,11016,66.07
20,1226,LINCOLN,EQ,392271,128283,32.70
20,1227,LINDEINDIA,EQ,19416,10838,55.82
20,1228,LIQUID,EQ,140601,125132,89.00
20,1229,LIQUIDBEES,EQ,1963522,1583312,80.64
20,1230,LIQUIDCASE,EQ,456654,448194,98.15
20,1231,LIQUIDETF,EQ,174101,119951,68.90
20,1232,LIQUIDIETF,EQ,646542,275823,42.66
20,1233,LIQUIDSBI,EQ,13126,13019,99.18
20,1234,LLOYDS,SM,14000,9000,64.29
20,1235,LLOYDSENGG,EQ,5041519,3242744,64.32
20,1236,LLOYDSME,EQ,132123,68604,51.92
20,1237,LODHA,EQ,413134,288660,69.87
20,1238,LOKESHMACH,EQ,56368,34382,61.00
20,1239,LORDSCHLO,EQ,34076,13691,40.18
20,1240,LOTUSEYE,EQ,130784,118746,90.80
20,1241,LOVABLE,EQ,145318,66872,46.02
20,1242,LOWVOL,EQ,758,753,99.34
20,1243,LOWVOLIETF,EQ,257431,246103,95.60
20,1244,LOYALTEX,EQ,1196,1050,87.79
20,1245,LPDC,EQ,730417,403029,55.18
20,1246,LRRPL,SM,69000,69000,100.00
20,1247,LT,EQ,3471727,2063516,59.44
20,1248,L&TFH,EQ,6031328,2810672,46.60
20,1249,L&TFIN,N1,2,2,100.00
20,1250,L&TFIN,ND,54,54,100.00
20,1251,L&TFIN,NF,7,7,100.00
20,1252,L&TFIN,NJ,237,237,100.00
20,1253,L&TFIN,NN,1220,1220,100.00
20,1254,LTFOODS,EQ,870372,410438,47.16
20,1255,LTGILTBEES,EQ,1799130,1739868,96.71
20,1256,LTIM,EQ,380430,203653,53.53
20,1257,LTTS,EQ,56853,15718,27.65
20,1258,LUMAXIND,EQ,6415,3674,57.27
20,1259,LUMAXTECH,EQ,325541,166872,51.26
20,1260,LUPIN,EQ,6454212,2659775,41.21
20,1261,LUXIND,EQ,346680,158707,45.78
20,1262,LXCHEM,EQ,644188,266031,41.30
20,1263,LYKALABS,EQ,922311,381985,41.42
20,1264,LYPSAGEMS,EQ,608439,287996,47.33
20,1265,MAANALU,EQ,488370,222694,45.60
20,1266,MADHAVBAUG,SM,12000,11200,93.33
20,1267,MADHUSUDAN,SM,42000,30000,71.43
20,1268,MADRASFERT,EQ,427473,120039,28.08
20,1269,MAFANG,EQ,487878,265764,54.47
20,1270,MAGADSUGAR,EQ,20969,8928,42.58
20,1271,MAGNUM,EQ,149058,88268,59.22
20,1272,MAGSON,SM,8000,8000,100.00
20,1273,MAHABANK,EQ,106838935,33320467,31.19
20,1274,MAHAPEXLTD,EQ,14755,5390,36.53
20,1275,MAHASTEEL,EQ,144952,80127,55.28
20,1276,MAHEPC,EQ,100773,54885,54.46
20,1277,MAHESHWARI,EQ,29628,21396,72.22
20,1278,MAHICKRA,SM,27000,25500,94.44
20,1279,MAHKTECH,EQ,866210,681914,78.72
20,1280,MAHLIFE,EQ,242527,83910,34.60
20,1281,MAHLOG,EQ,159801,88717,55.52
20,1282,MAHSCOOTER,EQ,4167,2564,61.53
20,1283,MAHSEAMLES,EQ,177250,113402,63.98
20,1284,MAITHANALL,EQ,57890,28115,48.57
20,1285,MAITREYA,SM,32000,22400,70.00
20,1286,MAKEINDIA,EQ,21719,13183,60.70
20,1287,MAKS,ST,1500,1500,100.00
20,1288,MAL,SM,32000,20800,65.00
20,1289,MALLCOM,EQ,15436,8293,53.73
20,1290,MANAKCOAT,EQ,68147,49683,72.91
20,1291,MANAKSIA,EQ,205786,100997,49.08
20,1292,MANALIPETC,EQ,2160248,1033636,47.85
20,1293,MANAPPURAM,EQ,31618644,12252779,38.75
20,1294,MANAV,SM,4000,4000,100.00
20,1295,MANGALAM,EQ,221540,99162,44.76
20,1296,MANGCHEFER,EQ,6565872,2996298,45.63
20,1297,MANGLMCEM,EQ,297347,103209,34.71
20,1298,MANINFRA,EQ,582202,344947,59.25
20,1299,MANKIND,EQ,1948608,1204130,61.79
20,1300,MANORAMA,EQ,8481,5469,64.49
20,1301,MANORG,EQ,15841,11173,70.53
20,1302,MANYAVAR,EQ,163587,86319,52.77
20,1303,MAPMYINDIA,EQ,76796,41329,53.82
20,1304,MARALOVER,EQ,182711,98352,53.83
20,1305,MARATHON,EQ,248321,89314,35.97
20,1306,MARCO,SM,3000,3000,100.00
20,1307,MARICO,EQ,1062206,728460,68.58
20,1308,MARINE,EQ,290984,182256,62.63
20,1309,MARINETRAN,SM,4000,4000,100.00
20,1310,MARKSANS,EQ,617490,345582,55.97
20,1311,MARSHALL,EQ,245702,155033,63.10
20,1312,MARUTI,EQ,557082,245010,43.98
20,1313,MASFIN,EQ,78089,43948,56.28
20,1314,MASPTOP50,EQ,97144,74563,76.76
20,1315,MASTEK,EQ,32134,15933,49.58
20,1316,MASTER,SM,1000,1000,100.00
20,1317,MATRIMONY,EQ,29909,23079,77.16
20,1318,MAWANASUG,EQ,608745,314069,51.59
20,1319,MAXESTATES,EQ,114989,70499,61.31
20,1320,MAXHEALTH,EQ,2225158,1593442,71.61
20,1321,MAXPOSURE,SM,264000,172000,65.15
20,1322,MAYURUNIQ,EQ,221600,147128,66.39
20,1323,MAZDA,EQ,5687,1953,34.34
20,1324,MAZDOCK,EQ,813519,236562,29.08
20,1325,MBAPL,EQ,11918,9159,76.85
20,1326,MCDOWELL-N,EQ,1155336,887096,76.78
20,1327,MCLEODRUSS,EQ,3483661,2035313,58.42
20,1328,MCON,SM,3000,3000,100.00
20,1329,MCX,EQ,686140,282265,41.14
20,1330,MDL,ST,32000,32000,100.00
20,1331,MEDANTA,EQ,234618,128400,54.73
20,1332,MEDIASSIST,EQ,614528,333512,54.27
20,1333,MEDICAMEQ,EQ,31476,22728,72.21
20,1334,MEDICO,EQ,423232,189537,44.78
20,1335,MEDPLUS,EQ,578605,413829,71.52
20,1336,MEGAFLEX,ST,3000,3000,100.00
20,1337,MEGASTAR,EQ,11603,6904,59.50
20,1338,MEGATHERM,ST,1653600,1480800,89.55
20,1339,MENONBE,EQ,293723,139600,47.53
20,1340,MEP,EQ,6469728,4337117,67.04
20,1341,METROBRAND,EQ,170449,63076,37.01
20,1342,METROPOLIS,EQ,393623,192657,48.94
20,1343,MFSL,EQ,3337092,1755950,52.62
20,1344,MGEL,EQ,913245,614129,67.25
20,1345,MGL,EQ,448628,219004,48.82
20,1346,MHHL,SM,18000,13500,75.00
20,1347,MHRIL,EQ,191763,101302,52.83
20,1348,MICEL,EQ,440930,276836,62.78
20,1349,MICROPRO,SM,17600,16000,90.91
20,1350,MID150BEES,EQ,208597,111401,53.40
20,1351,MIDCAPETF,EQ,870834,778052,89.35
20,1352,MIDCAPIETF,EQ,65535,43222,65.95
20,1353,MIDHANI,EQ,1558676,450867,28.93
20,1354,MIDSELIETF,EQ,38340,9644,25.15
20,1355,MILTON,SM,13200,13200,100.00
20,1356,MINDACORP,EQ,285343,204383,71.63
20,1357,MINDPOOL,ST,1000,1000,100.00
20,1358,MINDSPACE,RR,76563,58240,76.07
20,1359,MINDTECK,EQ,93966,51026,54.30
20,1360,MIRCELECTR,EQ,3549887,2664961,75.07
20,1361,MITTAL,EQ,34089197,17793451,52.20
20,1362,M&M,EQ,2550690,1331198,52.19
20,1363,M&MFIN,EQ,3171856,1875363,59.13
20,1364,M&MFIN,N1,1,1,100.00
20,1365,M&MFIN,N2,2245,1955,87.08
20,1366,MMFL,EQ,66498,42127,63.35
20,1367,MMP,EQ,78819,40018,50.77
20,1368,MMTC,EQ,6810428,4162392,61.12
20,1369,MODISONLTD,EQ,62872,40758,64.83
20,1370,MOGSEC,EQ,5807,5800,99.88
20,1371,MOHEALTH,EQ,31426,19115,60.83
20,1372,MOHITIND,EQ,55732,35423,63.56
20,1373,MOIL,EQ,1879608,496604,26.42
20,1374,MOKSH,EQ,1147911,772968,67.34
20,1375,MOL,EQ,985006,549831,55.82
20,1376,MOLDTECH,EQ,117620,81134,68.98
20,1377,MOLDTKPAC,EQ,109032,77762,71.32
20,1378,MOLOWVOL,EQ,13121,7307,55.69
20,1379,MOM100,EQ,269923,157024,58.17
20,1380,MOM30IETF,EQ,259065,193397,74.65
20,1381,MOM50,EQ,36349,35430,97.47
20,1382,MOMENTUM,EQ,68980,57001,82.63
20,1383,MOMOMENTUM,EQ,129386,71140,54.98
20,1384,MON100,EQ,284259,211387,74.36
20,1385,MONARCH,EQ,184121,33122,17.99
20,1386,MONIFTY500,EQ,706647,497892,70.46
20,1387,MONOPHARMA,SM,64000,44000,68.75
20,1388,MONQ50,EQ,44916,23565,52.46
20,1389,MONTECARLO,EQ,56321,27329,48.52
20,1390,MOQUALITY,EQ,3238,2551,78.78
20,1391,MOREPENLAB,EQ,6722917,2541060,37.80
20,1392,MOS,SM,496000,192000,38.71
20,1393,MOTHERSON,EQ,9369556,4519601,48.24
20,1394,MOTILALOFS,EQ,419927,171494,40.84
20,1395,MOTISONS,EQ,628625,364156,57.93
20,1396,MOVALUE,EQ,197617,140223,70.96
20,1397,MPHASIS,EQ,429043,126958,29.59
20,1398,MPSLTD,EQ,9778,5286,54.06
20,1399,MPTODAY,SM,8000,8000,100.00
20,1400,MRF,EQ,7121,2010,28.23
20,1401,MRO-TEK,EQ,190256,106468,55.96
20,1402,MRPL,EQ,4596283,1276552,27.77
20,1403,MSTCLTD,EQ,683266,226595,33.16
20,1404,MSUMI,EQ,17287587,9374025,54.22
20,1405,MTARTECH,EQ,128227,69532,54.23
20,1406,MTNL,EQ,34100098,10806918,31.69
20,1407,MUFIN,EQ,272626,160021,58.70
20,1408,MUFTI,EQ,314432,169180,53.80
20,1409,MUKANDLTD,EQ,1569481,646740,41.21
20,1410,MUNJALAU,EQ,328320,172168,52.44
20,1411,MUNJALSHOW,EQ,1272954,318708,25.04
20,1412,MUTHOOTCAP,EQ,44264,22887,51.71
20,1413,MUTHOOTFIN,EQ,553897,178070,32.15
20,1414,MUTHOOTMF,EQ,563157,223226,39.64
20,1415,MVGJL,EQ,72316,38993,53.92
20,1416,MWL,SM,132000,124800,94.55
20,1417,NABARD,N1,42,0,0.00
20,1418,NABARD,N2,60,30,50.00
20,1419,NACLIND,EQ,157069,82365,52.44
20,1420,NAGAFERT,EQ,4558756,2472253,54.23
20,1421,NAHARCAP,EQ,28272,14790,52.31
20,1422,NAHARINDUS,EQ,633957,313981,49.53
20,1423,NAHARPOLY,EQ,85164,56954,66.88
20,1424,NAHARSPING,EQ,329484,122760,37.26
20,1425,NAM-INDIA,EQ,345848,159848,46.22
20,1426,NATCOPHARM,EQ,326172,164983,50.58
20,1427,NATHBIOGEN,EQ,70916,36120,50.93
20,1428,NATIONALUM,EQ,20015275,6648335,33.22
20,1429,NAUKRI,EQ,313465,184143,58.74
20,1430,NAVA,EQ,248449,126275,50.83
20,1431,NAVIFIN,N0,104,104,100.00
20,1432,NAVIFIN,N5,180,180,100.00
20,1433,NAVIFIN,N6,50,50,100.00
20,1434,NAVIFIN,N7,300,300,100.00
20,1435,NAVINFLUOR,EQ,528933,310780,58.76
20,1436,NAVINIFTY,EQ,667,451,67.62
20,1437,NAVKARCORP,EQ,2291751,1220926,53.27
20,1438,NAVNETEDUL,EQ,877935,460819,52.49
20,1439,NAZARA,EQ,145097,51511,35.50
20,1440,NBCC,EQ,21484102,8027181,37.36
20,1441,NBIFIN,EQ,116,76,65.52
20,1442,NCC,EQ,6432346,2281697,35.47
20,1443,NCLIND,EQ,217492,102109,46.95
20,1444,NDL,EQ,843804,562376,66.65
20,1445,NDLVENTURE,EQ,62556,30919,49.43
20,1446,NDTV,EQ,288092,116484,40.43
20,1447,NECLIFE,EQ,3434829,1457529,42.43
20,1448,NELCAST,EQ,140366,82211,58.57
20,1449,NELCO,EQ,58029,28022,48.29
20,1450,NEOGEN,EQ,35693,19851,55.62
20,1451,NESCO,EQ,45219,21369,47.26
20,1452,NESTLEIND,EQ,1654447,887432,53.64
20,1453,NETF,EQ,1883,1050,55.76
20,1454,NEULANDLAB,EQ,37528,20751,55.29
20,1455,NEWJAISA,SM,72000,42000,58.33
20,1456,NEXT50,EQ,745,370,49.66
20,1457,NEXT50IETF,EQ,135597,64439,47.52
20,1458,NFL,EQ,4126810,1430874,34.67
20,1459,NGIL,EQ,358925,192352,53.59
20,1460,NGLFINE,EQ,3106,1829,58.89
20,1461,NH,EQ,411064,306549,74.57
20,1462,NHAI,N2,232,232,100.00
20,1463,NHAI,N5,53,50,94.34
20,1464,NHAI,N6,564,564,100.00
20,1465,NHAI,N8,270,270,100.00
20,1466,NHAI,NA,1250,1200,96.00
20,1467,NHAI,NC,17,17,100.00
20,1468,NHAI,NE,50,50,100.00
20,1469,NHBTF2014,N3,9000,9000,100.00
20,1470,NHBTF2014,N5,10,10,100.00
20,1471,NHBTF2014,N6,247,210,85.02
20,1472,NHBTF2023,N6,8,8,100.00
20,1473,NHIT,N1,473,473,100.00
20,1474,NHIT,N2,122,122,100.00
20,1475,NHIT,N3,189,189,100.00
20,1476,NHPC,EQ,117672992,39072772,33.20
20,1477,NIACL,EQ,20964304,2995818,14.29
20,1478,NIDAN,SM,51000,39000,76.47
20,1479,NIF100BEES,EQ,13505,9956,73.72
20,1480,NIF100IETF,EQ,18214,14475,79.47
20,1481,NIF5GETF,EQ,2,2,100.00
20,1482,NIFITETF,EQ,1241,570,45.93
20,1483,NIFMID150,EQ,1468,738,50.27
20,1484,NIFTYBEES,EQ,3757539,2623834,69.83
20,1485,NIFTYBETF,EQ,2093,1762,84.19
20,1486,NIFTYETF,EQ,35370,32770,92.65
20,1487,NIFTYIETF,EQ,437154,283822,64.92
20,1488,NIFTYQLITY,EQ,57698,37710,65.36
20,1489,NIITLTD,EQ,9925222,3202443,32.27
20,1490,NIITMTS,EQ,565100,337054,59.65
20,1491,NILAINFRA,EQ,9920503,5211118,52.53
20,1492,NILKAMAL,EQ,3758,1595,42.44
20,1493,NINSYS,EQ,4579,2116,46.21
20,1494,NIPPOBATRY,EQ,30778,16639,54.06
20,1495,NIRMAN,SM,60000,48600,81.00
20,1496,NITINSPIN,EQ,119927,53110,44.29
20,1497,NITIRAJ,EQ,18332,13342,72.78
20,1498,NLCINDIA,EQ,6712178,1929896,28.75
20,1499,NMDC,EQ,9122867,3599063,39.45
20,1500,NOCIL,EQ,2858237,1288421,45.08
20,1501,NPBET,EQ,9928,8844,89.08
20,1502,NPST,SM,17700,15600,88.14
20,1503,NRAIL,EQ,11862,7421,62.56
20,1504,NRBBEARING,EQ,124554,47668,38.27
20,1505,NRL,EQ,2453518,811664,33.08
20,1506,NSIL,EQ,7529,4461,59.25
20,1507,NSLNISP,EQ,8851157,3613335,40.82
20,1508,NTPC,EQ,17754869,9519173,53.61
20,1509,NTPC,N7,42019,41448,98.64
20,1510,NTPC,NB,157,157,100.00
20,1511,NTPC,ND,103,103,100.00
20,1512,NURECA,EQ,65870,37399,56.78
20,1513,NUVAMA,EQ,81097,44825,55.27
20,1514,NUVOCO,EQ,128091,69689,54.41
20,1515,NV20BEES,EQ,12212,8830,72.31
20,1516,NV20IETF,EQ,34134,18852,55.23
20,1517,NXST,RR,118949,99886,83.97
20,1518,NYKAA,EQ,12464844,7565869,60.70
20,1519,OAL,EQ,14964,9615,64.25
20,1520,OBCL,EQ,93896,47489,50.58
20,1521,OBEROIRLTY,EQ,1159485,579758,50.00
20,1522,OCCL,EQ,21457,15366,71.61
20,1523,OFSS,EQ,390965,110066,28.15
20,1524,OIL,EQ,9475104,3505679,37.00
20,1525,OLECTRA,EQ,795827,240734,30.25
20,1526,OLIL,SM,24000,24000,100.00
20,1527,OMAXE,EQ,694022,381856,55.02
20,1528,OMFURN,SM,7200,7200,100.00
20,1529,ONDOOR,SM,16800,12600,75.00
20,1530,ONGC,EQ,25252940,10023082,39.69
20,1531,ONMOBILE,EQ,763278,388095,50.85
20,1532,ONWARDTEC,EQ,85492,42587,49.81
20,1533,OPTIEMUS,EQ,117223,65059,55.50
20,1534,ORBTEXP,EQ,65406,38848,59.40
20,1535,ORCHPHARMA,EQ,177866,79884,44.91
20,1536,ORIANA,SM,82200,48900,59.49
20,1537,ORICONENT,EQ,879692,480041,54.57
20,1538,ORIENTALTL,EQ,1106262,748648,67.67
20,1539,ORIENTBELL,EQ,8453,5440,64.36
20,1540,ORIENTCEM,EQ,371052,199038,53.64
20,1541,ORIENTCER,EQ,534787,268848,50.27
20,1542,ORIENTELEC,EQ,820165,543637,66.28
20,1543,ORIENTHOT,EQ,886215,410676,46.34
20,1544,ORIENTLTD,EQ,16005,9512,59.43
20,1545,ORIENTPPR,EQ,3155314,1298105,41.14
20,1546,ORISSAMINE,EQ,11717,4949,42.24
20,1547,ORTINLAB,EQ,16036,12267,76.50
20,1548,OSWALAGRO,EQ,238111,118990,49.97
20,1549,OSWALGREEN,EQ,897819,498412,55.51
20,1550,OSWALSEEDS,EQ,42067,28855,68.59
20,1551,PAGEIND,EQ,37263,10167,27.28
20,1552,PAISALO,EQ,3588414,2650888,73.87
20,1553,PAKKA,EQ,1062789,432617,40.71
20,1554,PALASHSECU,EQ,3041,2317,76.19
20,1555,PALREDTEC,EQ,43186,26522,61.41
20,1556,PANACEABIO,EQ,229358,110959,48.38
20,1557,PANACHE,EQ,42488,24736,58.22
20,1558,PANAMAPET,EQ,125339,65393,52.17
20,1559,PANSARI,EQ,3723,1228,32.98
20,1560,PAR,EQ,44984,32121,71.41
20,1561,PARACABLES,EQ,1086449,701399,64.56
20,1562,PARADEEP,EQ,66120706,25136335,38.02
20,1563,PARAGMILK,EQ,8562319,2866803,33.48
20,1564,PARAGON,SM,19200,14400,75.00
20,1565,PARAS,EQ,1121377,412975,36.83
20,1566,PARIN,SM,2000,2000,100.00
20,1567,PARTYCRUS,SM,8000,8000,100.00
20,1568,PASUPTAC,EQ,1366007,663352,48.56
20,1569,PATANJALI,EQ,1033102,543706,52.63
20,1570,PATELENG,EQ,7234682,3070505,42.44
20,1571,PATINTLOG,EQ,3529822,1719368,48.71
20,1572,PATTECH,SM,3000,3000,100.00
20,1573,PAYTM,EQ,21240680,9682260,45.58
20,1574,PCBL,EQ,7899121,2580287,32.67
20,1575,PCHFL,N6,166,166,100.00
20,1576,PCHFL,NA,500,500,100.00
20,1577,PCJEWELLER,EQ,2004927,1232339,61.47
20,1578,PDMJEPAPER,EQ,315302,188796,59.88
20,1579,PDSL,EQ,309139,193259,62.52
20,1580,PEARLPOLY,EQ,1449295,642518,44.33
20,1581,PEL,EQ,1049267,487589,46.47
20,1582,PEL,N2,300,300,100.00
20,1583,PEL,N3,2,1,50.00
20,1584,PENIND,EQ,1053321,559796,53.15
20,1585,PENINLAND,EQ,3957408,1630878,41.21
20,1586,PENTAGON,SM,21000,19000,90.48
20,1587,PERFECT,ST,654000,630000,96.33
20,1588,PERSISTENT,EQ,112870,48831,43.26
20,1589,PETRONET,EQ,5354700,3267565,61.02
20,1590,PFC,EQ,14788511,4005683,27.09
20,1591,PFC,N5,221,221,100.00
20,1592,PFC,N8,1799,897,49.86
20,1593,PFIZER,EQ,10495,3903,37.19
20,1594,PFOCUS,EQ,134460,52374,38.95
20,1595,PGEL,EQ,67759,34711,51.23
20,1596,PGHH,EQ,17229,15105,87.67
20,1597,PGHL,EQ,24867,14280,57.43
20,1598,PGINVIT,IV,1526282,1446586,94.78
20,1599,PHANTOMFX,SM,36000,28800,80.00
20,1600,PHARMABEES,EQ,2660781,1749029,65.73
20,1601,PHOENIXLTD,EQ,590181,331144,56.11
20,1602,PIDILITIND,EQ,316600,175836,55.54
20,1603,PIGL,EQ,69759,48741,69.87
20,1604,PIIND,EQ,871825,515555,59.14
20,1605,PILANIINVS,EQ,3602,2057,57.11
20,1606,PILITA,EQ,2394715,1316637,54.98
20,1607,PITTIENG,EQ,279009,104238,37.36
20,1608,PIXTRANS,EQ,12487,7542,60.40
20,1609,PLADAINFO,SM,6000,6000,100.00
20,1610,PLASTIBLEN,EQ,31171,13793,44.25
20,1611,PNB,EQ,83500656,17336188,20.76
20,1612,PNBGILTS,EQ,933594,378950,40.59
20,1613,PNBHOUSING,EQ,388707,167753,43.16
20,1614,PNC,EQ,93920,35025,37.29
20,1615,PNCINFRA,EQ,873001,429075,49.15
20,1616,POCL,EQ,123730,73000,59.00
20,1617,PODDARMENT,EQ,821,550,66.99
20,1618,POKARNA,EQ,108914,48970,44.96
20,1619,POLICYBZR,EQ,1063090,579823,54.54
20,1620,POLYCAB,EQ,448325,216804,48.36
20,1621,POLYMED,EQ,37606,15253,40.56
20,1622,POLYPLEX,EQ,49350,27961,56.66
20,1623,PONNIERODE,EQ,107418,48231,44.90
20,1624,POONAWALLA,EQ,1234193,671906,54.44
20,1625,POWERGRID,EQ,69776717,27261202,39.07
20,1626,POWERINDIA,EQ,21718,8340,38.40
20,1627,POWERMECH,EQ,18884,8961,47.45
20,1628,PPAP,EQ,22226,9986,44.93
20,1629,PPL,EQ,109647,49808,45.43
20,1630,PPLPHARMA,EQ,5649628,3110845,55.06
20,1631,PRAJIND,EQ,971071,524485,54.01
20,1632,PRAKASH,EQ,803569,554691,69.03
20,1633,PRAMARA,SM,20000,18000,90.00
20,1634,PRECAM,EQ,213487,98609,46.19
20,1635,PRECISION,SM,32000,18000,56.25
20,1636,PRECOT,EQ,34901,19073,54.65
20,1637,PRECWIRE,EQ,1973174,501110,25.40
20,1638,PREMEXPLN,EQ,27649,18159,65.68
20,1639,PRESSTONIC,SM,94400,64000,67.80
20,1640,PRESTIGE,EQ,611497,451676,73.86
20,1641,PRICOLLTD,EQ,721921,306535,42.46
20,1642,PRIMESECU,EQ,38892,28744,73.91
20,1643,PRINCEPIPE,EQ,204945,85755,41.84
20,1644,PRITIKA,SM,42000,30000,71.43
20,1645,PRIVISCL,EQ,16946,10238,60.42
20,1646,PROLIFE,SM,3000,3000,100.00
20,1647,PROPEQUITY,SM,8400,8400,100.00
20,1648,PROV,SM,2880,2560,88.89
20,1649,PROZONER,EQ,2964840,1343647,45.32
20,1650,PRSMJOHNSN,EQ,252937,149995,59.30
20,1651,PRUDENT,EQ,20772,9967,47.98
20,1652,PSB,EQ,12174437,4125250,33.88
20,1653,PSPPROJECT,EQ,224506,124359,55.39
20,1654,PSUBNKBEES,EQ,7343819,3397988,46.27
20,1655,PSUBNKIETF,EQ,941252,387080,41.12
20,1656,PTC,EQ,2488872,1049046,42.15
20,1657,PTCIL,EQ,41957,13431,32.01
20,1658,PTL,EQ,405530,240402,59.28
20,1659,PULZ,SM,88000,60000,68.18
20,1660,PUNJABCHEM,EQ,15628,8487,54.31
20,1661,PURVA,EQ,459678,198984,43.29
20,1662,PVP,EQ,819914,490691,59.85
20,1663,PVRINOX,EQ,1371606,916573,66.82
20,1664,PVTBANIETF,EQ,649845,516821,79.53
20,1665,PYRAMID,EQ,613404,290654,47.38
20,1666,QFIL,SM,2000,2000,100.00
20,1667,QGOLDHALF,EQ,8664,5400,62.33
20,1668,QMSMEDI,SM,26000,25000,96.15
20,1669,QNIFTY,EQ,2429,2243,92.34
20,1670,QUADPRO,ST,60000,60000,100.00
20,1671,QUAL30IETF,EQ,778,440,56.56
20,1672,QUESS,EQ,394793,265905,67.35
20,1673,QUICKHEAL,EQ,238172,86812,36.45
20,1674,QUICKTOUCH,SM,8500,7500,88.24
20,1675,RACE,EQ,5746,2833,49.30
20,1676,RADHIKAJWE,EQ,823035,477725,58.04
20,1677,RADIANTCMS,EQ,399971,230533,57.64
20,1678,RADICO,EQ,150004,64273,42.85
20,1679,RADIOCITY,EQ,8999518,3449520,38.33
20,1680,RADIOCITY,P1,9620,9620,100.00
20,1681,RAILTEL,EQ,8199828,2933610,35.78
20,1682,RAIN,EQ,4848774,1951592,40.25
20,1683,RAINBOW,EQ,143005,92005,64.34
20,1684,RAJESHEXPO,EQ,371468,213539,57.49
20,1685,RAJRATAN,EQ,92445,56000,60.58
20,1686,RAJSREESUG,EQ,329898,179897,54.53
20,1687,RALLIS,EQ,547179,269490,49.25
20,1688,RAMANEWS,EQ,1453883,707927,48.69
20,1689,RAMAPHO,EQ,156005,80966,51.90
20,1690,RAMASTEEL,EQ,3242614,1687163,52.03
20,1691,RAMCOCEM,EQ,292582,100954,34.50
20,1692,RAMCOIND,EQ,1412767,342461,24.24
20,1693,RAMCOSYS,EQ,151258,70452,46.58
20,1694,RAMKY,EQ,245626,121850,49.61
20,1695,RAMRAT,EQ,53691,28666,53.39
20,1696,RANASUG,EQ,3395714,1515201,44.62
20,1697,RANEENGINE,EQ,6204,3369,54.30
20,1698,RANEHOLDIN,EQ,10561,5530,52.36
20,1699,RATEGAIN,EQ,200980,92193,45.87
20,1700,RATNAMANI,EQ,24541,11391,46.42
20,1701,RATNAVEER,EQ,4655699,1774621,38.12
20,1702,RAYMOND,EQ,66398,30898,46.53
20,1703,RBA,EQ,2557793,1327246,51.89
20,1704,RBL,EQ,17599,6708,38.12
20,1705,RBLBANK,EQ,7937169,2514575,31.68
20,1706,RBMINFRA,ST,9000,9000,100.00
20,1707,RBZJEWEL,EQ,155630,88578,56.92
20,1708,RCDL,SM,18000,15000,83.33
20,1709,RCF,EQ,2815251,972360,34.54
20,1710,RECLTD,EQ,13436922,4326558,32.20
20,1711,RECLTD,N2,22,22,100.00
20,1712,RECLTD,N9,1637,1552,94.81
20,1713,RECLTD,NE,135,135,100.00
20,1714,RECLTD,NH,100,100,100.00
20,1715,REDINGTON,EQ,1559871,659607,42.29
20,1716,REDTAPE,EQ,102663,60737,59.16
20,1717,REFEX,EQ,111478,69698,62.52
20,1718,RELAXO,EQ,66946,44620,66.65
20,1719,RELIANCE,EQ,7347317,3335852,45.40
20,1720,RELIGARE,EQ,1477638,897390,60.73
20,1721,RELINFRA,EQ,3543816,1805634,50.95
20,1722,REMUS,SM,3175,2175,68.50
20,1723,RENUKA,EQ,18928783,8329132,44.00
20,1724,REPCOHOME,EQ,249767,113773,45.55
20,1725,REPL,EQ,15424,8491,55.05
20,1726,REPRO,EQ,5612,3164,56.38
20,1727,RESPONIND,EQ,271912,80311,29.54
20,1728,REXPIPES,SM,2000,2000,100.00
20,1729,RGL,EQ,70663,41469,58.69
20,1730,RHIM,EQ,217602,128542,59.07
20,1731,RHL,EQ,13567,8505,62.69
20,1732,RICOAUTO,EQ,2750260,1183701,43.04
20,1733,RIIL,EQ,694076,186305,26.84
20,1734,RILINFRA,SM,13600,12900,94.85
20,1735,RISHABH,EQ,57471,26108,45.43
20,1736,RITCO,EQ,254652,126246,49.58
20,1737,RITES,EQ,4960895,1008366,20.33
20,1738,RITEZONE,SM,11200,9600,85.71
20,1739,RKEC,EQ,232058,138895,59.85
20,1740,RKFORGE,EQ,179669,85670,47.68
20,1741,RMDRIP,SM,4000,4000,100.00
20,1742,RML,EQ,10764,5121,47.58
20,1743,ROCKINGDCE,SM,36000,24000,66.67
20,1744,ROHLTD,EQ,146912,57256,38.97
20,1745,ROLEXRINGS,EQ,103030,85954,83.43
20,1746,ROML,EQ,8002,5139,64.22
20,1747,ROSSARI,EQ,106851,54260,50.78
20,1748,ROSSELLIND,EQ,23427,12090,51.61
20,1749,ROTO,EQ,160744,90727,56.44
20,1750,ROUTE,EQ,127431,96847,76.00
20,1751,ROXHITECH,SM,60800,51200,84.21
20,1752,RPGLIFE,EQ,12924,7207,55.76
20,1753,RPPL,EQ,43633,27792,63.69
20,1754,RPSGVENT,EQ,76862,43406,56.47
20,1755,RRKABEL,EQ,77292,39623,51.26
20,1756,RSSOFTWARE,EQ,29091,29079,99.96
20,1757,RSWM,EQ,266230,154378,57.99
20,1758,RSYSTEMS,EQ,65115,38659,59.37
20,1759,RTNINDIA,EQ,23977265,5811205,24.24
20,1760,RTNPOWER,EQ,122108132,55124499,45.14
20,1761,RUBYMILLS,EQ,129575,63322,48.87
20,1762,RUCHIRA,EQ,96698,50962,52.70
20,1763,RUPA,EQ,1589503,639831,40.25
20,1764,RUSHIL,EQ,185627,111119,59.86
20,1765,RUSTOMJEE,EQ,13222,5814,43.97
20,1766,RVNL,EQ,9231980,2957242,32.03
20,1767,SAAKSHI,SM,42000,30000,71.43
20,1768,SADBHAV,EQ,5879176,3426629,58.28
20,1769,SADHNANIQ,EQ,455367,280874,61.68
20,1770,SAFARI,EQ,94549,57668,60.99
20,1771,SAGCEM,EQ,116532,47742,40.97
20,1772,SAH,EQ,148045,83208,56.20
20,1773,SAHAJ,SM,12000,12000,100.00
20,1774,SAHANA,SM,12000,10500,87.50
20,1775,SAHYADRI,EQ,19752,11530,58.37
20,1776,SAIFL,SM,152000,88800,58.42
20,1777,SAIL,EQ,34821242,13563837,38.95
20,1778,SAKAR,EQ,30573,25400,83.08
20,1779,SAKHTISUG,EQ,19433994,6579550,33.86
20,1780,SAKUMA,EQ,4403774,1456811,33.08
20,1781,SALASAR,EQ,23307951,16126934,69.19
20,1782,SALONA,EQ,17076,9855,57.71
20,1783,SALZERELEC,EQ,705532,160202,22.71
20,1784,SAMBHAAV,EQ,1937011,1573870,81.25
20,1785,SAMHI,EQ,1910018,1138157,59.59
20,1786,SANDESH,EQ,2080,1360,65.38
20,1787,SANDHAR,EQ,155204,84705,54.58
20,1788,SANDUMA,EQ,122878,69781,56.79
20,1789,SANGAMIND,EQ,70931,33056,46.60
20,1790,SANGANI,SM,48000,42000,87.50
20,1791,SANGHIIND,EQ,347461,166975,48.06
20,1792,SANGHVIMOV,EQ,1004483,283474,28.22
20,1793,SANOFI,EQ,5729,2552,44.55
20,1794,SANSERA,EQ,104391,63764,61.08
20,1795,SAPPHIRE,EQ,207947,176749,85.00
20,1796,SARDAEN,EQ,447689,265741,59.36
20,1797,SAREGAMA,EQ,271775,135594,49.89
20,1798,SARLAPOLY,EQ,4628738,1563433,33.78
20,1799,SAROJA,SM,4800,4800,100.00
20,1800,SARTELE,SM,278000,166000,59.71
20,1801,SARVESHWAR,EQ,44480365,23127585,52.00
20,1802,SASKEN,EQ,36965,17208,46.55
20,1803,SASTASUNDR,EQ,52437,28570,54.48
20,1804,SATIA,EQ,380349,197530,51.93
20,1805,SATIN,EQ,858786,412682,48.05
20,1806,SATINDLTD,EQ,1043617,431404,41.34
20,1807,SBC,EQ,1607136,1122138,69.82
20,1808,SBCL,EQ,479518,216354,45.12
20,1809,SBFC,EQ,1586041,689333,43.46
20,1810,SBGLP,EQ,30476,7733,25.37
20,1811,SBICARD,EQ,1907311,1177751,61.75
20,1812,SBIETFCON,EQ,4128,2737,66.30
20,1813,SBIETFIT,EQ,8735,7631,87.36
20,1814,SBIETFPB,EQ,27833,20144,72.37
20,1815,SBIETFQLTY,EQ,9982,7462,74.75
20,1816,SBILIFE,EQ,1679065,780324,46.47
20,1817,SBIN,EQ,74222434,31713090,42.73
20,1818,SCHAEFFLER,EQ,31202,20030,64.19
20,1819,SCHAND,EQ,466042,252757,54.23
20,1820,SCHNEIDER,EQ,856620,438807,51.23
20,1821,SCI,EQ,7668146,1995056,26.02
20,1822,SCML,SM,36000,28000,77.78
20,1823,SCPL,EQ,21238,11978,56.40
20,1824,SDBL,EQ,230142,142122,61.75
20,1825,SDL24BEES,EQ,3516,3208,91.24
20,1826,SDL26BEES,EQ,100267,100063,99.80
20,1827,SECL,SM,25000,25000,100.00
20,1828,SECURCRED,EQ,121773,84440,69.34
20,1829,SEL,ST,14400,12000,83.33
20,1830,SELAN,EQ,39218,20429,52.09
20,1831,SEMAC,EQ,1588,953,60.01
20,1832,SENCO,EQ,205678,103424,50.28
20,1833,SENSEXETF,EQ,2804,1805,64.37
20,1834,SENSEXIETF,EQ,5512,5216,94.63
20,1835,SEPC,EQ,7613274,4549322,59.76
20,1836,SEQUENT,EQ,1363961,644338,47.24
20,1837,SESHAPAPER,EQ,38196,18243,47.76
20,1838,SETF10GILT,EQ,21079,19958,94.68
20,1839,SETFGOLD,EQ,265429,174374,65.70
20,1840,SETFNIF50,EQ,1669635,1639518,98.20
20,1841,SETFNIFBK,EQ,116395,79838,68.59
20,1842,SETFNN50,EQ,23091,18764,81.26
20,1843,SFL,EQ,52847,33134,62.70
20,1844,SGBAPR28I,GB,171,116,67.84
20,1845,SGBAUG24,GB,412,253,61.41
20,1846,SGBAUG27,GB,3,3,100.00
20,1847,SGBAUG28V,GB,862,668,77.49
20,1848,SGBAUG29V,GB,129,104,80.62
20,1849,SGBAUG30,GB,158,116,73.42
20,1850,SGBD29VIII,GB,244,205,84.02
20,1851,SGBDC27VII,GB,18,18,100.00
20,1852,SGBDE30III,GB,433,219,50.58
20,1853,SGBDE31III,GB,8842,8443,95.49
20,1854,SGBDEC25,GB,2,2,100.00
20,1855,SGBDEC25XI,GB,1,1,100.00
20,1856,SGBDEC26,GB,5,5,100.00
20,1857,SGBFEB27,GB,14,14,100.00
20,1858,SGBFEB28IX,GB,13,13,100.00
20,1859,SGBFEB29XI,GB,93,93,100.00
20,1860,SGBJ28VIII,GB,2,2,100.00
20,1861,SGBJAN26,GB,1,1,100.00
20,1862,SGBJAN27,GB,3,3,100.00
20,1863,SGBJAN29IX,GB,463,349,75.38
20,1864,SGBJAN29X,GB,253,244,96.44
20,1865,SGBJAN30IX,GB,119,99,83.19
20,1866,SGBJU29III,GB,306,220,71.90
20,1867,SGBJUL25,GB,1,1,100.00
20,1868,SGBJUL28IV,GB,265,246,92.83
20,1869,SGBJUL29IV,GB,218,166,76.15
20,1870,SGBJUN27,GB,3,3,100.00
20,1871,SGBJUN28,GB,65,65,100.00
20,1872,SGBJUN29II,GB,95,95,100.00
20,1873,SGBJUN30,GB,102,96,94.12
20,1874,SGBJUN31I,GB,1305,1033,79.16
20,1875,SGBMAR24,GB,19,19,100.00
20,1876,SGBMAR25,GB,76,63,82.89
20,1877,SGBMAR28X,GB,101,98,97.03
20,1878,SGBMAR30X,GB,137,130,94.89
20,1879,SGBMAR31IV,GB,172,134,77.91
20,1880,SGBMAY25,GB,33,28,84.85
20,1881,SGBMAY26,GB,37,32,86.49
20,1882,SGBMAY28,GB,54,54,100.00
20,1883,SGBMAY29I,GB,346,217,62.72
20,1884,SGBMR29XII,GB,607,538,88.63
20,1885,SGBN28VIII,GB,202,170,84.16
20,1886,SGBNOV24,GB,60,53,88.33
20,1887,SGBNOV25,GB,3,3,100.00
20,1888,SGBNOV26,GB,1,1,100.00
20,1889,SGBNV29VII,GB,40,40,100.00
20,1890,SGBOC28VII,GB,71,56,78.87
20,1891,SGBOCT25IV,GB,5,5,100.00
20,1892,SGBOCT25V,GB,1,1,100.00
20,1893,SGBSEP24,GB,31,31,100.00
20,1894,SGBSEP27,GB,9,9,100.00
20,1895,SGBSEP28VI,GB,101,95,94.06
20,1896,SGBSEP29VI,GB,78,68,87.18
20,1897,SGBSEP31II,GB,1595,1176,73.73
20,1898,SGIL,EQ,18468,12045,65.22
20,1899,SGL,EQ,92791,70144,75.59
20,1900,SHAILY,EQ,41840,19181,45.84
20,1901,SHALBY,EQ,244438,113208,46.31
20,1902,SHALPAINTS,EQ,440632,267206,60.64
20,1903,SHANKARA,EQ,78373,39594,50.52
20,1904,SHANTHALA,SM,12000,10800,90.00
20,1905,SHANTI,EQ,209184,133094,63.63
20,1906,SHANTIGEAR,EQ,18697,9790,52.36
20,1907,SHARDACROP,EQ,137307,84706,61.69
20,1908,SHARDAMOTR,EQ,37911,19731,52.05
20,1909,SHAREINDIA,EQ,151451,85671,56.57
20,1910,SHAREINDIA,W1,5492,5492,100.00
20,1911,SHARIABEES,EQ,1933,1082,55.98
20,1912,SHEETAL,SM,22000,16000,72.73
20,1913,SHEMAROO,EQ,1354619,627807,46.35
20,1914,SHERA,SM,49000,39000,79.59
20,1915,SHIGAN,SM,36000,34500,95.83
20,1916,SHILPAMED,EQ,934904,382493,40.91
20,1917,SHIVALIK,EQ,8465,4687,55.37
20,1918,SHIVAMAUTO,EQ,607845,332036,54.63
20,1919,SHIVAMILLS,EQ,48204,21664,44.94
20,1920,SHK,EQ,8118017,2865015,35.29
20,1921,SHOPERSTOP,EQ,74221,32555,43.86
20,1922,SHREDIGCEM,EQ,613849,312310,50.88
20,1923,SHREECEM,EQ,32063,13041,40.67
20,1924,SHREEOSFM,SM,204000,148000,72.55
20,1925,SHREEPUSHK,EQ,50423,25581,50.73
20,1926,SHREYANIND,EQ,54179,39084,72.14
20,1927,SHREYAS,EQ,158610,93390,58.88
20,1928,SHRIPISTON,EQ,267827,112769,42.11
20,1929,SHRIRAMFIN,EQ,886197,621186,70.10
20,1930,SHRIRAMFIN,YI,12,6,50.00
20,1931,SHRIRAMFIN,YL,106,106,100.00
20,1932,SHRIRAMFIN,YP,14,14,100.00
20,1933,SHRIRAMFIN,YW,139,129,92.81
20,1934,SHRIRAMFIN,Z8,100,100,100.00
20,1935,SHRIRAMFIN,ZE,193,193,100.00
20,1936,SHRIRAMFIN,ZH,3,3,100.00
20,1937,SHRIRAMFIN,ZK,418,418,100.00
20,1938,SHRIRAMPPS,EQ,4337999,1752532,40.40
20,1939,SHRITECH,SM,42000,32000,76.19
20,1940,SHUBHLAXMI,SM,26000,25000,96.15
20,1941,SHYAMMETL,EQ,627460,384689,61.31
20,1942,SHYAMTEL,EQ,11277,11077,98.23
20,1943,SIEMENS,EQ,234880,91177,38.82
20,1944,SIGACHI,EQ,1739976,994227,57.14
20,1945,SIGIND,EQ,88731,56468,63.64
20,1946,SIGMA,EQ,10341,5034,48.68
20,1947,SIGNATURE,EQ,567121,160366,28.28
20,1948,SILINV,EQ,8609,7598,88.26
20,1949,SILLYMONKS,EQ,143268,112813,78.74
20,1950,SILVER,EQ,1191523,1168915,98.10
20,1951,SILVERBEES,EQ,2220095,1874211,84.42
20,1952,SILVERETF,EQ,105740,78287,74.04
20,1953,SILVERIETF,EQ,231943,219841,94.78
20,1954,SILVERTUC,EQ,18789,1343,7.15
20,1955,SILVRETF,EQ,3244,2507,77.28
20,1956,SIMBHALS,EQ,784279,416211,53.07
20,1957,SINDHUTRAD,EQ,7819533,2298185,29.39
20,1958,SINTERCOM,EQ,3360,2949,87.77
20,1959,SIRCA,EQ,344429,132953,38.60
20,1960,SIS,EQ,74217,45794,61.70
20,1961,SIYSIL,EQ,72482,36702,50.64
20,1962,SJLOGISTIC,SM,236000,172000,72.88
20,1963,SJS,EQ,178368,110246,61.81
20,1964,SJVN,EQ,80234599,22913013,28.56
20,1965,SKFINDIA,EQ,35128,26677,75.94
20,1966,SKIPPER,EQ,556036,278510,50.09
20,1967,SKMEGGPROD,EQ,35883,35883,100.00
20,1968,SKP,SM,17500,11000,62.86
20,1969,SMARTLINK,EQ,5736,4158,72.49
20,1970,SMCGLOBAL,EQ,1853222,706614,38.13
20,1971,SMLISUZU,EQ,61448,26263,42.74
20,1972,SMLT,EQ,146983,96170,65.43
20,1973,SMSLIFE,EQ,1770,1030,58.19
20,1974,SMSPHARMA,EQ,316401,115527,36.51
20,1975,SNOWMAN,EQ,1280107,520618,40.67
20,1976,SOBHA,EQ,449698,141545,31.48
20,1977,SOFTTECH,EQ,2015,1173,58.21
20,1978,SOLARA,EQ,147168,48290,32.81
20,1979,SOLARINDS,EQ,63237,24975,39.49
20,1980,SOLEX,SM,12000,8400,70.00
20,1981,SOMANYCERA,EQ,152658,139082,91.11
20,1982,SONACOMS,EQ,761555,475026,62.38
20,1983,SONAMLTD,EQ,118903,94821,79.75
20,1984,SONATSOFTW,EQ,429345,219598,51.15
20,1985,SONUINFRA,SM,21000,21000,100.00
20,1986,SOTL,EQ,161145,96273,59.74
20,1987,SOUTHBANK,EQ,59927703,26322096,43.92
20,1988,SOUTHWEST,EQ,214578,93517,43.58
20,1989,SPAL,EQ,88674,62612,70.61
20,1990,SPANDANA,EQ,190524,119722,62.84
20,1991,SPCENET,EQ,2311141,1481211,64.09
20,1992,SPECIALITY,EQ,313680,99624,31.76
20,1993,SPECTRUM,SM,4625,4000,86.49
20,1994,SPECTSTM,SM,27200,18400,67.65
20,1995,SPENCERS,EQ,779282,317096,40.69
20,1996,SPIC,EQ,3082846,1278784,41.48
20,1997,SPLIL,EQ,39952,28120,70.38
20,1998,SPLPETRO,EQ,70939,41131,57.98
20,1999,SPORTKING,EQ,39010,19518,50.03
20,2000,SREEL,EQ,47240,21914,46.39
20,2001,SRF,EQ,240843,127232,52.83
20,2002,SRGHFL,EQ,2771,1153,41.61
20,2003,SRHHYPOLTD,EQ,26654,10864,40.76
20,2004,SRIVASAVI,SM,58000,43000,74.14
20,2005,SSFL,SM,40000,20000,50.00
20,2006,SSWL,EQ,188128,97733,51.95
20,2007,STAR,EQ,741698,414265,55.85
20,2008,STARCEMENT,EQ,2437929,782294,32.09
20,2009,STARHEALTH,EQ,442372,213659,48.30
20,2010,STARPAPER,EQ,126580,106715,84.31
20,2011,STCINDIA,EQ,379793,123724,32.58
20,2012,STEELCAS,EQ,18995,13133,69.14
20,2013,STEELCITY,EQ,1164016,380532,32.69
20,2014,STEELXIND,EQ,9724887,5194242,53.41
20,2015,STEL,EQ,7686,5209,67.77
20,2016,STERTOOLS,EQ,53397,29174,54.64
20,2017,STLTECH,EQ,1370847,738959,53.91
20,2018,STOVEKRAFT,EQ,111623,59506,53.31
20,2019,STYLAMIND,EQ,71214,36111,50.71
20,2020,STYRENIX,EQ,60882,35280,57.95
20,2021,SUBEXLTD,EQ,41216346,13729187,33.31
20,2022,SUBROS,EQ,96984,32351,33.36
20,2023,SUDARSCHEM,EQ,139211,73900,53.08
20,2024,SUKHJITS,EQ,97095,66846,68.85
20,2025,SULA,EQ,465935,245490,52.69
20,2026,SUMICHEM,EQ,245954,142311,57.86
20,2027,SUMMITSEC,EQ,5145,2897,56.31
20,2028,SUNCLAY,EQ,8681,5108,58.84
20,2029,SUNDARMFIN,EQ,102179,51350,50.25
20,2030,SUNDARMHLD,EQ,156351,69923,44.72
20,2031,SUNDRMBRAK,EQ,1060,683,64.43
20,2032,SUNDRMFAST,EQ,100600,67016,66.62
20,2033,SUNFLAG,EQ,485708,187890,38.68
20,2034,SUNPHARMA,EQ,2213750,1285548,58.07
20,2035,SUNREST,SM,14400,14400,100.00
20,2036,SUNTECK,EQ,289211,147640,51.05
20,2037,SUNTV,EQ,545616,181271,33.22
20,2038,SUPERHOUSE,EQ,17269,10951,63.41
20,2039,SUPRAJIT,EQ,168142,84172,50.06
20,2040,SUPREMEIND,EQ,63542,37207,58.55
20,2041,SUPREMEPWR,SM,208000,154000,74.04
20,2042,SUPRIYA,EQ,6966911,1490531,21.39
20,2043,SURAJEST,EQ,176930,81530,46.08
20,2044,SURANI,SM,26000,23600,90.77
20,2045,SURYALAXMI,EQ,23847,16478,69.10
20,2046,SURYAROSNI,EQ,1271028,724275,56.98
20,2047,SURYODAY,EQ,1174379,561497,47.81
20,2048,SUTLEJTEX,EQ,741570,400672,54.03
20,2049,SUVENPHAR,EQ,1068698,877024,82.06
20,2050,SUZLON,EQ,53850076,33094145,61.46
20,2051,SWANENERGY,EQ,3470007,1542742,44.46
20,2052,SWARAJ,SM,5000,5000,100.00
20,2053,SWARAJENG,EQ,8852,6218,70.24
20,2054,SWASTIK,SM,31200,26400,84.62
20,2055,SWELECTES,EQ,158656,76093,47.96
20,2056,SWSOLAR,EQ,2672368,1259556,47.13
20,2057,SYMPHONY,EQ,59049,35119,59.47
20,2058,SYNGENE,EQ,760730,341916,44.95
20,2059,SYNOPTICS,SM,22200,16800,75.68
20,2060,SYRMA,EQ,814206,352806,43.33
20,2061,SYSTANGO,SM,34000,26000,76.47
20,2062,TAINWALCHM,EQ,5903,3201,54.23
20,2063,TAJGVK,EQ,2088231,534083,25.58
20,2064,TAKE,EQ,2366294,1208151,51.06
20,2065,TANLA,EQ,296637,142996,48.21
20,2066,TAPIFRUIT,SM,7500,7500,100.00
20,2067,TARACHAND,SM,29000,26000,89.66
20,2068,TARMAT,EQ,273504,166638,60.93
20,2069,TARSONS,EQ,640295,479550,74.90
20,2070,TASTYBITE,EQ,1915,1092,57.02
20,2071,TATACAP,N6,410,310,75.61
20,2072,TATACAP,N8,200,125,62.50
20,2073,TATACAP,NA,415,357,86.02
20,2074,TATACAPHSG,N4,992,500,50.40
20,2075,TATACAPHSG,N6,100,100,100.00
20,2076,TATACAPHSG,N8,229,229,100.00
20,2077,TATACAPHSG,NB,1,1,100.00
20,2078,TATACHEM,EQ,1013560,417062,41.15
20,2079,TATACOMM,EQ,2131671,744218,34.91
20,2080,TATACONSUM,EQ,2477973,826865,33.37
20,2081,TATAELXSI,EQ,70163,37185,53.00
20,2082,TATAGOLD,EQ,1060894,762758,71.90
20,2083,TATAINVEST,EQ,48725,17900,36.74
20,2084,TATAMOTORS,EQ,11576253,6469949,55.89
20,2085,TATAMTRDVR,EQ,1120104,639486,57.09
20,2086,TATAPOWER,EQ,21626429,6349506,29.36
20,2087,TATASTEEL,EQ,38997666,15008275,38.49
20,2088,TATATECH,EQ,736687,335576,45.55
20,2089,TATSILV,EQ,432581,410573,94.91
20,2090,TATVA,EQ,21149,13148,62.17
20,2091,TBZ,EQ,738998,341760,46.25
20,2092,TCI,EQ,120734,60512,50.12
20,2093,TCIEXP,EQ,23687,12010,50.70
20,2094,TCNSBRANDS,EQ,242369,90253,37.24
20,2095,TCPLPACK,EQ,84295,39958,47.40
20,2096,TCS,EQ,2345173,946960,40.38
20,2097,TDPOWERSYS,EQ,304550,126314,41.48
20,2098,TEAMLEASE,EQ,40833,34261,83.91
20,2099,TECH,EQ,8924,5301,59.40
20,2100,TECHLABS,SM,84000,44000,52.38
20,2101,TECHM,EQ,2308756,995984,43.14
20,2102,TECHNOE,EQ,366853,167341,45.62
20,2103,TEGA,EQ,32482,15152,46.65
20,2104,TEJASNET,EQ,234438,132660,56.59
20,2105,TEMBO,EQ,65574,20522,31.30
20,2106,TEXINFRA,EQ,801396,345491,43.11
20,2107,TEXMOPIPES,EQ,1989672,650641,32.70
20,2108,TEXRAIL,EQ,2936456,1616984,55.07
20,2109,TFCILTD,EQ,5664243,3012595,53.19
20,2110,THANGAMAYL,EQ,17257,11779,68.26
20,2111,THEJO,EQ,2566,1930,75.21
20,2112,THEMISMED,EQ,154180,94260,61.14
20,2113,THERMAX,EQ,304099,70363,23.14
20,2114,THOMASCOOK,EQ,1373179,905412,65.94
20,2115,THYROCARE,EQ,40116,25453,63.45
20,2116,TI,EQ,2041336,753520,36.91
20,2117,TIDEWATER,EQ,38709,23659,61.12
20,2118,TIIL,EQ,8073,4126,51.11
20,2119,TIINDIA,EQ,143994,85989,59.72
20,2120,TIJARIA,EQ,408151,216031,52.93
20,2121,TIMESCAN,SM,7000,4000,57.14
20,2122,TIMETECHNO,EQ,1829710,646478,35.33
20,2123,TIMKEN,EQ,41738,23074,55.28
20,2124,TIPSINDLTD,EQ,164876,65354,39.64
20,2125,TIRUMALCHM,EQ,741667,445050,60.01
20,2126,TITAGARH,EQ,611621,293811,48.04
20,2127,TITAN,EQ,1011857,469557,46.41
20,2128,TMB,EQ,115992,84969,73.25
20,2129,TNIDETF,EQ,28764,18707,65.04
20,2130,TNPETRO,EQ,706822,345053,48.82
20,2131,TNPL,EQ,277376,142646,51.43
20,2132,TOKYOPLAST,EQ,7159,4372,61.07
20,2133,TORNTPHARM,EQ,167199,87016,52.04
20,2134,TORNTPOWER,EQ,469436,155688,33.16
20,2135,TOTAL,EQ,11870,8491,71.53
20,2136,TOUCHWOOD,EQ,1676,1534,91.53
20,2137,TPLPLASTEH,EQ,493767,143152,28.99
20,2138,TRACXN,EQ,2094430,1219368,58.22
20,2139,TRANSTEEL,SM,72000,66000,91.67
20,2140,TREEHOUSE,EQ,281458,135991,48.32
20,2141,TREL,EQ,1432859,734006,51.23
20,2142,TRENT,EQ,7374486,1674220,22.70
20,2143,TRF,EQ,94242,87320,92.66
20,2144,TRIDENT,EQ,13659998,5887624,43.10
20,2145,TRIDHYA,SM,24000,21000,87.50
20,2146,TRIGYN,EQ,237837,92179,38.76
20,2147,TRITURBINE,EQ,3772709,777012,20.60
20,2148,TRIVENI,EQ,563283,245541,43.59
20,2149,TRU,EQ,3349288,871153,26.01
20,2150,TTKHLTCARE,EQ,10507,3566,33.94
20,2151,TTKPRESTIG,EQ,40753,22046,54.10
20,2152,TTL,EQ,123208,65278,52.98
20,2153,TTML,EQ,63703367,18030675,28.30
20,2154,TVSELECT,EQ,57430,23655,41.19
20,2155,TVSHLTD,EQ,13936,9134,65.54
20,2156,TVSHLTD,P1,294625,289728,98.34
20,2157,TVSMOTOR,EQ,223855,102272,45.69
20,2158,TVSSCS,EQ,383710,243933,63.57
20,2159,TVSSRICHAK,EQ,5490,2802,51.04
20,2160,TVTODAY,EQ,312739,160727,51.39
20,2161,TVVISION,EQ,398848,290839,72.92
20,2162,UBL,EQ,115705,32755,28.31
20,2163,UCAL,EQ,171322,88432,51.62
20,2164,UCL,SM,6000,6000,100.00
20,2165,UCOBANK,EQ,115529709,36095406,31.24
20,2166,UDS,EQ,559328,271462,48.53
20,2167,UFLEX,EQ,155607,54484,35.01
20,2168,UFO,EQ,532354,228693,42.96
20,2169,UGARSUGAR,EQ,1902208,770129,40.49
20,2170,UGROCAP,EQ,180685,103267,57.15
20,2171,UGROCAP,N3,350,350,100.00
20,2172,UGROCAP,N7,128,128,100.00
20,2173,UJJIVAN,EQ,941160,357135,37.95
20,2174,UJJIVANSFB,EQ,34178575,10128675,29.63
20,2175,ULTRACEMCO,EQ,320905,167602,52.23
20,2176,UMA,SM,64000,44000,68.75
20,2177,UMANGDAIRY,EQ,83725,43620,52.10
20,2178,UNICHEMLAB,EQ,64390,29445,45.73
20,2179,UNIDT,EQ,84217,46328,55.01
20,2180,UNIENTER,EQ,10727,7366,68.67
20,2181,UNIHEALTH,SM,4000,4000,100.00
20,2182,UNIINFO,EQ,40477,27301,67.45
20,2183,UNIONBANK,EQ,36435011,12940839,35.52
20,2184,UNIPARTS,EQ,131409,94647,72.02
20,2185,UNITEDPOLY,EQ,20527,12023,58.57
20,2186,UNITEDTEA,EQ,2128,1216,57.14
20,2187,UNIVASTU,EQ,23931,22704,94.87
20,2188,UNIVCABLES,EQ,30288,21992,72.61
20,2189,UNIVPHOTO,EQ,1610,1395,86.65
20,2190,UNOMINDA,EQ,515777,330962,64.17
20,2191,UPL,EQ,5214678,2406027,46.14
20,2192,URAVI,EQ,4752,2970,62.50
20,2193,URBAN,SM,1200,1200,100.00
20,2194,USASEEDS,SM,900,900,100.00
20,2195,USHAMART,EQ,806447,360890,44.75
20,2196,USK,EQ,1376008,513157,37.29
20,2197,UTIAMC,EQ,106534,62218,58.40
20,2198,UTIBANKETF,EQ,429479,369014,85.92
20,2199,UTINEXT50,EQ,80598,74394,92.30
20,2200,UTINIFTETF,EQ,19619,15876,80.92
20,2201,UTISENSETF,EQ,945,675,71.43
20,2202,UTISXN50,EQ,11113,6704,60.33
20,2203,UTKARSHBNK,EQ,40454743,13898706,34.36
20,2204,UTTAMSUGAR,EQ,226137,94285,41.69
20,2205,V2RETAIL,EQ,590455,391989,66.39
20,2206,VADILALIND,EQ,300190,63822,21.26
20,2207,VAIBHAVGBL,EQ,444484,199559,44.90
20,2208,VAISHALI,EQ,32395,22279,68.77
20,2209,VAKRANGEE,EQ,7371728,4364717,59.21
20,2210,VALIANTLAB,EQ,134157,74722,55.70
20,2211,VALIANTORG,EQ,50324,31481,62.56
20,2212,VARDHACRLC,EQ,806869,436983,54.16
20,2213,VARROC,EQ,1336782,570016,42.64
20,2214,VASCONEQ,EQ,2650769,1021480,38.54
20,2215,VASWANI,EQ,152984,95316,62.30
20,2216,VBL,EQ,3303671,1670041,50.55
20,2217,VEDL,EQ,6966850,2897547,41.59
20,2218,VEEKAYEM,ST,6000,6000,100.00
20,2219,VELS,SM,1200,1200,100.00
20,2220,VENKEYS,EQ,385888,104860,27.17
20,2221,VENUSPIPES,EQ,81177,56401,69.48
20,2222,VENUSREM,EQ,105681,68924,65.22
20,2223,VERANDA,EQ,472827,239549,50.66
20,2224,VERTEXPLUS,SM,1200,1200,100.00
20,2225,VESUVIUS,EQ,17744,13929,78.50
20,2226,VETO,EQ,3483765,1170945,33.61
20,2227,VGUARD,EQ,354148,190898,53.90
20,2228,VHL,EQ,1437,742,51.64
20,2229,VIAZ,SM,20000,12000,60.00
20,2230,VIDHIING,EQ,29978,16259,54.24
20,2231,VIJAYA,EQ,419765,132901,31.66
20,2232,VIKASECO,EQ,54741834,19936184,36.42
20,2233,VILINBIO,SM,60000,52000,86.67
20,2234,VIMTALABS,EQ,113650,66889,58.86
20,2235,VINATIORGA,EQ,25897,16708,64.52
20,2236,VINDHYATEL,EQ,32259,13955,43.26
20,2237,VINSYS,SM,24000,19000,79.17
20,2238,VINYAS,SM,5600,4800,85.71
20,2239,VINYLINDIA,EQ,32808,17248,52.57
20,2240,VIPCLOTHNG,EQ,555574,327093,58.87
20,2241,VIPIND,EQ,434396,272579,62.75
20,2242,VIPULLTD,EQ,142061,93868,66.08
20,2243,VIRINCHI,EQ,1194152,621412,52.04
20,2244,VISAKAIND,EQ,4199302,2128274,50.68
20,2245,VISHNU,EQ,118451,74980,63.30
20,2246,VISHNUINFR,SM,44000,36000,81.82
20,2247,VISHWARAJ,EQ,4884785,2090427,42.79
20,2248,VITAL,SM,48000,42000,87.50
20,2249,VIVIANA,ST,12000,12000,100.00
20,2250,VLSFINANCE,EQ,73873,38965,52.75
20,2251,VMARCIND,SM,26000,21000,80.77
20,2252,VMART,EQ,232278,143985,61.99
20,2253,VOLTAMP,EQ,7912,3731,47.16
20,2254,VOLTAS,EQ,1639793,890239,54.29
20,2255,VPRPL,EQ,1092961,478453,43.78
20,2256,VRLLOG,EQ,92792,53397,57.54
20,2257,VSCL,SM,12000,9000,75.00
20,2258,VSSL,EQ,102536,59314,57.85
20,2259,VSTIND,EQ,9325,4281,45.91
20,2260,VSTTILLERS,EQ,15878,8146,51.30
20,2261,VTL,EQ,982302,406605,41.39
20,2262,WABAG,EQ,510379,255063,49.98
20,2263,WALCHANNAG,EQ,1061429,492780,46.43
20,2264,WALPAR,ST,2000,2000,100.00
20,2265,WEALTH,EQ,1884,995,52.81
20,2266,WEBELSOLAR,EQ,743681,369949,49.75
20,2267,WEIZMANIND,EQ,78346,45898,58.58
20,2268,WEL,EQ,1455,936,64.33
20,2269,WELCORP,EQ,580611,405116,69.77
20,2270,WELENT,EQ,740187,302740,40.90
20,2271,WELINV,EQ,2491,1829,73.42
20,2272,WELSPUNLIV,EQ,1371304,669360,48.81
20,2273,WENDT,EQ,288,205,71.18
20,2274,WESTLIFE,EQ,132823,99250,74.72
20,2275,WHEELS,EQ,96206,69269,72.00
20,2276,WHIRLPOOL,EQ,45061,26608,59.05
20,2277,WINDLAS,EQ,1018945,226881,22.27
20,2278,WINDMACHIN,EQ,45238,30393,67.18
20,2279,WIPRO,EQ,5651920,1740777,30.80
20,2280,WOCKPHARMA,EQ,3157138,1104600,34.99
20,2281,WOMANCART,SM,8000,8000,100.00
20,2282,WONDERLA,EQ,161459,59238,36.69
20,2283,WORTH,EQ,27171,19028,70.03
20,2284,WSI,EQ,487232,247898,50.88
20,2285,WSTCSTPAPR,EQ,343558,178752,52.03
20,2286,XCHANGING,EQ,1732157,759529,43.85
20,2287,XPROINDIA,EQ,39368,12161,30.89
20,2288,YASHO,EQ,24899,16167,64.93
20,2289,YATHARTH,EQ,1510973,755318,49.99
20,2290,YATRA,EQ,551437,289118,52.43
20,2291,YCCL,SM,45000,33000,73.33
20,2292,YESBANK,EQ,2038376473,384175322,18.85
20,2293,YUDIZ,SM,9600,9600,100.00
20,2294,YUKEN,EQ,3710,2598,70.03
20,2295,ZAGGLE,EQ,6427623,1566698,24.37
20,2296,ZEAL,SM,240000,160800,67.00
20,2297,ZEEL,EQ,45808076,18886235,41.23
20,2298,ZEEMEDIA,EQ,16474283,4355770,26.44
20,2299,ZENITHEXPO,EQ,8950,5411,60.46
20,2300,ZENSARTECH,EQ,681785,277678,40.73
20,2301,ZFCVINDIA,EQ,4957,2668,53.82
20,2302,ZIMLAB,EQ,293284,190925,65.10
20,2303,ZODIACLOTH,EQ,48866,25822,52.84
20,2304,ZOMATO,EQ,184839649,75954987,41.09
20,2305,ZOTA,EQ,38333,22096,57.64
20,2306,ZUARI,EQ,1420361,676509,47.63
20,2307,ZUARIIND,EQ,79315,53925,67.99
20,2308,ZYDUSLIFE,EQ,746665,217101,29.08
20,2309,ZYDUSWELL,EQ,167375,34764,20.77
